Energy	Impulses
E/keV	Impulses/#

10.6	37
11.3	27
12.1	32
12.8	34
13.5	31
14.2	29
14.9	27
15.6	37
16.3	24
17.0	36
17.7	37
18.4	42
19.2	26
19.9	43
20.6	62
21.3	45
22.0	46
22.7	37
23.4	54
24.1	49
24.8	62
25.5	621
26.2	2289
27.0	3525
27.7	3368
28.4	3369
29.1	4125
29.8	3523
30.5	3766
31.2	3787
31.9	3726
32.6	4352
33.3	3825
34.1	3671
34.8	3886
35.5	3544
36.2	3335
36.9	3968
37.6	3469
38.3	3479
39.0	3942
39.7	3288
40.4	4065
41.2	3726
41.9	3444
42.6	3750
43.3	3843
44.0	4050
44.7	3512
45.4	3701
46.1	3987
46.8	3315
47.5	3715
48.2	4055
49.0	3504
49.7	3773
50.4	3799
51.1	3564
51.8	4130
52.5	3545
53.2	3717
53.9	3825
54.6	3785
55.3	3787
56.1	3991
56.8	3711
57.5	3836
58.2	3535
58.9	3554
59.6	4117
60.3	3389
61.0	3691
61.7	3559
62.4	3327
63.2	4012
63.9	3531
64.6	3316
65.3	3667
66.0	3595
66.7	3329
67.4	3886
68.1	3452
68.8	3529
69.5	3106
70.2	3333
71.0	3667
71.7	3176
72.4	3662
73.1	3292
73.8	3144
74.5	3631
75.2	3019
75.9	3329
76.6	3351
77.3	3394
78.1	4087
78.8	2992
79.5	3282
80.2	3361
80.9	3036
81.6	2962
82.3	3673
83.0	3015
83.7	3131
84.4	3311
85.2	2926
85.9	3632
86.6	3193
87.3	2965
88.0	3118
88.7	3253
89.4	3182
90.1	3175
90.8	3134
91.5	3245
92.2	2823
93.0	3099
93.7	3544
94.4	2789
95.1	3176
95.8	3076
96.5	2903
97.2	3244
97.9	2912
98.6	2948
99.3	3079
100.1	2987
100.8	2770
101.5	3434
102.2	3017
102.9	3206
103.6	3014
104.3	2792
105.0	3546
105.7	2786
106.4	3130
107.1	2946
107.9	2794
108.6	3459
109.3	3046
110.0	2776
110.7	3079
111.4	3116
112.1	3010
112.8	3003
113.5	3113
114.2	3193
115.0	2642
115.7	3074
116.4	3451
117.1	2908
117.8	3329
118.5	2997
119.2	2935
119.9	3406
120.6	2854
121.3	3180
122.1	3297
122.8	3204
123.5	3451
124.2	3370
124.9	3090
125.6	3273
126.3	3068
127.0	2828
127.7	3508
128.4	3084
129.1	3015
129.9	3527
130.6	3009
131.3	3554
132.0	3337
132.7	3064
133.4	3329
134.1	3446
134.8	3640
135.5	2977
136.2	3368
137.0	3575
137.7	2982
138.4	3402
139.1	3821
139.8	3167
140.5	3385
141.2	3522
141.9	3203
142.6	3683
143.3	3257
144.1	3158
144.8	3466
145.5	3435
146.2	3610
146.9	3012
147.6	3079
148.3	3215
149.0	2933
149.7	2819
150.4	3328
151.1	2637
151.9	2922
152.6	2830
153.3	2563
154.0	3168
154.7	2785
155.4	2433
156.1	2653
156.8	2690
157.5	2385
158.2	2699
159.0	2603
159.7	2694
160.4	2171
161.1	2472
161.8	2690
162.5	2282
163.2	2496
163.9	2297
164.6	2125
165.3	2597
166.1	2167
166.8	2272
167.5	2399
168.2	2485
168.9	2924
169.6	2334
170.3	2349
171.0	2466
171.7	2354
172.4	2281
173.1	2863
173.9	2522
174.6	2540
175.3	2867
176.0	2655
176.7	3247
177.4	3289
178.1	2959
178.8	3305
179.5	3569
180.2	3572
181.0	3514
181.7	3670
182.4	3785
183.1	3279
183.8	3494
184.5	4002
185.2	3233
185.9	3557
186.6	3173
187.3	2968
188.1	3340
188.8	2743
189.5	2600
190.2	2641
190.9	2514
191.6	2134
192.3	2738
193.0	2152
193.7	2140
194.4	2045
195.1	1921
195.9	2282
196.6	1923
197.3	2154
198.0	2149
198.7	2101
199.4	2649
200.1	2464
200.8	2265
201.5	2638
202.2	2732
203.0	2790
203.7	2870
204.4	2884
205.1	3012
205.8	2560
206.5	2875
207.2	3045
207.9	2623
208.6	2868
209.3	2419
210.1	2259
210.8	2638
211.5	2051
212.2	2053
212.9	2007
213.6	1857
214.3	1955
215.0	1584
215.7	1453
216.4	1455
217.1	1249
217.9	1105
218.6	1294
219.3	1050
220.0	994
220.7	1005
221.4	917
222.1	996
222.8	810
223.5	742
224.2	810
225.0	787
225.7	766
226.4	697
227.1	650
227.8	678
228.5	554
229.2	619
229.9	649
230.6	580
231.3	586
232.1	568
232.8	477
233.5	618
234.2	440
234.9	500
235.6	551
236.3	516
237.0	430
237.7	549
238.4	473
239.1	500
239.9	413
240.6	430
241.3	483
242.0	413
242.7	426
243.4	455
244.1	369
244.8	453
245.5	407
246.2	345
247.0	391
247.7	377
248.4	347
249.1	403
249.8	355
250.5	368
251.2	303
251.9	347
252.6	376
253.3	310
254.1	358
254.8	301
255.5	274
256.2	368
256.9	266
257.6	301
258.3	311
259.0	299
259.7	377
260.4	290
261.1	288
261.9	329
262.6	298
263.3	276
264.0	308
264.7	257
265.4	243
266.1	279
266.8	271
267.5	318
268.2	266
269.0	232
269.7	297
270.4	253
271.1	242
271.8	248
272.5	234
273.2	253
273.9	215
274.6	244
275.3	257
276.1	251
276.8	266
277.5	242
278.2	203
278.9	230
279.6	242
280.3	221
281.0	217
281.7	198
282.4	232
283.1	202
283.9	177
284.6	204
285.3	203
286.0	178
286.7	243
287.4	193
288.1	186
288.8	185
289.5	156
290.2	232
291.0	188
291.7	159
292.4	174
293.1	183
293.8	171
294.5	138
295.2	157
295.9	180
296.6	152
297.3	174
298.0	180
298.8	140
299.5	168
300.2	163
300.9	145
301.6	180
302.3	119
303.0	163
303.7	162
304.4	164
305.1	168
305.9	154
306.6	138
307.3	175
308.0	129
308.7	148
309.4	153
310.1	115
310.8	127
311.5	125
312.2	133
313.0	130
313.7	136
314.4	116
315.1	132
315.8	129
316.5	140
317.2	94
317.9	120
318.6	113
319.3	95
320.0	98
320.8	131
321.5	80
322.2	127
322.9	127
323.6	99
324.3	111
325.0	125
325.7	120
326.4	116
327.1	97
327.9	93
328.6	108
329.3	122
330.0	103
330.7	91
331.4	82
332.1	125
332.8	89
333.5	87
334.2	92
335.0	93
335.7	113
336.4	83
337.1	76
337.8	88
338.5	88
339.2	101
339.9	93
340.6	72
341.3	92
342.0	68
342.8	73
343.5	88
344.2	71
344.9	85
345.6	76
346.3	68
347.0	72
347.7	72
348.4	67
349.1	66
349.9	66
350.6	91
351.3	64
352.0	72
352.7	75
353.4	63
354.1	57
354.8	48
355.5	58
356.2	72
357.0	58
357.7	54
358.4	55
359.1	60
359.8	54
360.5	73
361.2	58
361.9	64
362.6	58
363.3	63
364.0	49
364.8	63
365.5	45
366.2	51
366.9	43
367.6	39
368.3	51
369.0	49
369.7	48
370.4	36
371.1	50
371.9	45
372.6	51
373.3	42
374.0	44
374.7	43
375.4	42
376.1	35
376.8	28
377.5	42
378.2	43
379.0	53
379.7	33
380.4	38
381.1	44
381.8	44
382.5	26
383.2	33
383.9	44
384.6	27
385.3	36
386.0	36
386.8	46
387.5	18
388.2	26
388.9	39
389.6	28
390.3	29
391.0	31
391.7	26
392.4	31
393.1	12
393.9	32
394.6	33
395.3	22
396.0	25
396.7	32
397.4	24
398.1	23
398.8	22
399.5	12
400.2	16
401.0	19
401.7	19
402.4	17
403.1	17
403.8	21
404.5	22
405.2	13
405.9	16
406.6	20
407.3	18
408.0	18
408.8	19
409.5	15
410.2	18
410.9	16
411.6	14
412.3	13
413.0	16
413.7	9
414.4	15
415.1	9
415.9	9
416.6	10
417.3	14
418.0	9
418.7	11
419.4	14
420.1	10
420.8	8
421.5	17
422.2	12
423.0	16
423.7	11
424.4	12
425.1	11
425.8	11
426.5	7
427.2	11
427.9	4
428.6	18
429.3	6
430.0	9
430.8	5
431.5	10
432.2	10
432.9	8
433.6	8
434.3	4
435.0	5
435.7	7
436.4	6
437.1	7
437.9	8
438.6	8
439.3	4
440.0	4
440.7	9
441.4	2
442.1	5
442.8	6
443.5	4
444.2	7
445.0	3
445.7	5
446.4	3
447.1	4
447.8	7
448.5	1
449.2	8
449.9	9
450.6	4
451.3	7
452.0	7
452.8	5
453.5	2
454.2	6
454.9	6
455.6	6
456.3	8
457.0	6
457.7	6
458.4	5
459.1	4
459.9	8
460.6	4
461.3	5
462.0	4
462.7	5
463.4	8
464.1	6
464.8	1
465.5	2
466.2	5
466.9	9
467.7	7
468.4	4
469.1	3
469.8	2
470.5	3
471.2	1
471.9	7
472.6	5
473.3	1
474.0	2
474.8	3
475.5	5
476.2	5
476.9	1
477.6	5
478.3	3
479.0	5
479.7	2
480.4	2
481.1	0
481.9	2
482.6	4
483.3	1
484.0	2
484.7	1
485.4	5
486.1	2
486.8	2
487.5	4
488.2	4
488.9	1
489.7	0
490.4	4
491.1	2
491.8	1
492.5	1
493.2	4
493.9	4
494.6	1
495.3	1
496.0	3
496.8	2
497.5	1
498.2	4
498.9	1
499.6	4
500.3	3
501.0	1
501.7	1
502.4	1
503.1	0
503.9	1
504.6	0
505.3	1
506.0	2
506.7	0
507.4	4
508.1	2
508.8	1
509.5	1
510.2	0
510.9	1
511.7	1
512.4	1
513.1	1
513.8	3
514.5	2
515.2	1
515.9	2
516.6	1
517.3	0
518.0	0
518.8	1
519.5	2
520.2	6
520.9	3
521.6	0
522.3	2
523.0	1
523.7	1
524.4	0
525.1	1
525.9	0
526.6	0
527.3	0
528.0	1
528.7	1
529.4	0
530.1	2
530.8	2
531.5	1
532.2	3
532.9	2
533.7	1
534.4	1
535.1	1
535.8	1
536.5	1
537.2	2
537.9	1
538.6	0
539.3	0
540.0	3
540.8	2
541.5	0
542.2	1
542.9	0
543.6	0
544.3	1
545.0	1
545.7	3
546.4	1
547.1	2
547.9	1
548.6	0
549.3	1
550.0	0
550.7	1
551.4	0
552.1	0
552.8	0
553.5	1
554.2	3
554.9	1
555.7	1
556.4	1
557.1	1
557.8	1
558.5	0
559.2	1
559.9	0
560.6	0
561.3	0
562.0	0
562.8	2
563.5	1
564.2	1
564.9	0
565.6	0
566.3	0
567.0	0
567.7	0
568.4	1
569.1	0
569.9	0
570.6	1
571.3	4
572.0	0
572.7	0
573.4	0
574.1	0
574.8	0
575.5	1
576.2	0
576.9	1
577.7	0
578.4	0
579.1	0
579.8	0
580.5	0
581.2	0
581.9	0
582.6	0
583.3	1
584.0	0
584.8	0
585.5	0
586.2	1
586.9	0
587.6	0
588.3	1
589.0	0
589.7	0
590.4	1
591.1	0
591.9	1
592.6	0
593.3	0
594.0	0
594.7	0
595.4	0
596.1	1
596.8	0
597.5	1
598.2	0
598.9	0
599.7	0
600.4	0
601.1	0
601.8	0
602.5	0
603.2	0
603.9	0
604.6	0
605.3	0
606.0	0
606.8	0
607.5	0
608.2	0
608.9	1
609.6	0
610.3	0
611.0	0
611.7	0
612.4	0
613.1	1
613.9	0
614.6	1
615.3	0
616.0	0
616.7	0
617.4	0
618.1	0
618.8	0
619.5	0
620.2	0
620.9	0
621.7	0
622.4	1
623.1	0
623.8	2
624.5	0
625.2	1
625.9	0
626.6	1
627.3	0
628.0	0
628.8	0
629.5	0
630.2	0
630.9	0
631.6	0
632.3	0
633.0	0
633.7	0
634.4	0
635.1	0
635.9	0
636.6	0
637.3	0
638.0	0
638.7	1
639.4	0
640.1	0
640.8	0
641.5	0
642.2	0
642.9	0
643.7	0
644.4	0
645.1	0
645.8	0
646.5	0
647.2	0
647.9	0
648.6	0
649.3	0
650.0	0
650.8	0
651.5	0
652.2	0
652.9	0
653.6	0
654.3	0
655.0	0
655.7	0
656.4	0
657.1	0
657.8	0
658.6	0
659.3	0
660.0	0
660.7	0
661.4	0
662.1	0
662.8	0
663.5	0
664.2	0
664.9	0
665.7	0
666.4	0
667.1	0
667.8	0
668.5	0
669.2	0
669.9	0
670.6	0
671.3	0
672.0	0
672.8	0
673.5	0
674.2	0
674.9	0
675.6	0
676.3	0
677.0	0
677.7	0
678.4	0
679.1	0
679.8	0
680.6	0
681.3	0
682.0	0
682.7	0
683.4	0
684.1	0
684.8	0
685.5	0
686.2	0
686.9	0
687.7	0
688.4	0
689.1	0
689.8	0
690.5	0
691.2	0
691.9	0
692.6	0
693.3	1
694.0	0
694.8	0
695.5	0
696.2	0
696.9	0
697.6	0
698.3	0
699.0	0
699.7	0
700.4	0
701.1	0
701.8	0
702.6	0
703.3	0
704.0	0
704.7	0
705.4	0
706.1	0
706.8	0
707.5	0
708.2	0
708.9	0
709.7	0
710.4	0
711.1	0
711.8	0
712.5	0
713.2	0
713.9	0
714.6	0
715.3	0
716.0	0
716.8	0
717.5	0
718.2	0
718.9	0
719.6	0
720.3	0
721.0	0
721.7	0
722.4	0
723.1	0
723.8	0
724.6	0
725.3	0
726.0	0
726.7	0
727.4	0
728.1	0
728.8	0
729.5	0
730.2	0
730.9	0
731.7	0
732.4	0
733.1	0
733.8	1
734.5	0
735.2	0
735.9	0
736.6	0
737.3	0
738.0	0
738.8	0
739.5	0
740.2	0
740.9	0
741.6	0
742.3	0
743.0	0
743.7	0
744.4	0
745.1	0
745.8	0
746.6	0
747.3	0
748.0	0
748.7	0
749.4	0
750.1	0
750.8	0
751.5	0
752.2	0
752.9	0
753.7	0
754.4	0
755.1	0
755.8	0
756.5	0
757.2	0
757.9	0
758.6	0
759.3	0
760.0	0
760.8	0
761.5	0
762.2	0
762.9	0
763.6	0
764.3	0
765.0	0
765.7	0
766.4	0
767.1	0
767.8	0
768.6	0
769.3	0
770.0	0
770.7	0
771.4	0
772.1	0
772.8	0
773.5	0
774.2	0
774.9	1
775.7	0
776.4	0
777.1	0
777.8	0
778.5	0
779.2	0
779.9	0
780.6	0
781.3	0
782.0	0
782.8	0
783.5	0
784.2	0
784.9	0
785.6	0
786.3	0
787.0	0
787.7	0
788.4	0
789.1	0
789.8	0
790.6	0
791.3	0
792.0	0
792.7	0
793.4	0
794.1	0
794.8	0
795.5	0
796.2	0
796.9	0
797.7	0
798.4	0
799.1	0
799.8	1
800.5	0
801.2	0
801.9	0
802.6	0
803.3	0
804.0	0
804.8	0
805.5	0
806.2	0
806.9	0
807.6	0
808.3	0
809.0	0
809.7	0
810.4	0
811.1	0
811.8	0
812.6	0
813.3	0
814.0	0
814.7	0
815.4	0
816.1	0
816.8	0
817.5	0
818.2	0
818.9	0
819.7	0
820.4	0
821.1	0
821.8	0
822.5	0
823.2	0
823.9	0
824.6	1
825.3	0
826.0	0
826.8	0
827.5	0
828.2	0
828.9	0
829.6	0
830.3	0
831.0	0
831.7	0
832.4	0
833.1	0
833.8	0
834.6	0
835.3	0
836.0	0
836.7	0
837.4	0
838.1	0
838.8	0
839.5	0
840.2	0
840.9	0
841.7	0
842.4	0
843.1	0
843.8	0
844.5	0
845.2	0
845.9	0
846.6	0
847.3	0
848.0	0
848.7	0
849.5	0
850.2	0
850.9	0
851.6	0
852.3	0
853.0	0
853.7	0
854.4	0
855.1	0
855.8	0
856.6	0
857.3	0
858.0	0
858.7	0
859.4	1
860.1	0
860.8	0
861.5	0
862.2	0
862.9	0
863.7	0
864.4	0
865.1	0
865.8	0
866.5	0
867.2	0
867.9	0
868.6	0
869.3	0
870.0	0
870.7	0
871.5	1
872.2	0
872.9	0
873.6	0
874.3	0
875.0	0
875.7	0
876.4	0
877.1	0
877.8	0
878.6	0
879.3	0
880.0	0
880.7	0
881.4	0
882.1	0
882.8	0
883.5	0
884.2	0
884.9	0
885.7	0
886.4	0
887.1	0
887.8	0
888.5	0
889.2	0
889.9	0
890.6	0
891.3	0
892.0	0
892.7	0
893.5	0
894.2	0
894.9	0
895.6	0
896.3	0
897.0	0
897.7	0
898.4	0
899.1	0
899.8	0
900.6	0
901.3	0
902.0	0
902.7	0
903.4	0
904.1	0
904.8	0
905.5	0
906.2	0
906.9	0
907.7	0
908.4	0
909.1	0
909.8	0
910.5	0
911.2	0
911.9	0
912.6	0
913.3	0
914.0	0
914.7	0
915.5	0
916.2	0
916.9	0
917.6	0
918.3	0
919.0	0
919.7	0
920.4	0
921.1	0
921.8	0
922.6	0
923.3	0
924.0	0
924.7	0
925.4	0
926.1	0
926.8	0
927.5	0
928.2	0
928.9	0
929.7	0
930.4	0
931.1	0
931.8	0
932.5	0
933.2	0
933.9	0
934.6	0
935.3	0
936.0	0
936.7	0
937.5	0
938.2	0
938.9	0
939.6	0
940.3	0
941.0	0
941.7	0
942.4	0
943.1	0
943.8	0
944.6	0
945.3	0
946.0	0
946.7	0
947.4	0
948.1	0
948.8	0
949.5	0
950.2	0
950.9	0
951.7	0
952.4	0
953.1	0
953.8	0
954.5	0
955.2	0
955.9	0
956.6	0
957.3	0
958.0	0
958.7	0
959.5	0
960.2	0
960.9	0
961.6	0
962.3	0
963.0	0
963.7	0
964.4	0
965.1	0
965.8	0
966.6	0
967.3	0
968.0	0
968.7	0
969.4	0
970.1	0
970.8	0
971.5	0
972.2	0
972.9	0
973.7	0
974.4	0
975.1	0
975.8	0
976.5	0
977.2	0
977.9	0
978.6	0
979.3	0
980.0	0
980.7	0
981.5	0
982.2	0
982.9	0
983.6	0
984.3	0
985.0	0
985.7	0
986.4	0
987.1	0
987.8	0
988.6	0
989.3	0
990.0	0
990.7	0
991.4	0
992.1	0
992.8	0
993.5	0
994.2	0
994.9	0
995.7	0
996.4	0
997.1	0
997.8	0
998.5	0
999.2	0
999.9	0
1000.6	0
1001.3	0
1002.0	0
1002.7	0
1003.5	0
1004.2	0
1004.9	0
1005.6	0
1006.3	0
1007.0	0
1007.7	0
1008.4	0
1009.1	0
1009.8	0
1010.6	0
1011.3	0
1012.0	0
1012.7	0
1013.4	0
1014.1	0
1014.8	0
1015.5	0
1016.2	0
1016.9	0
1017.6	0
1018.4	0
1019.1	0
1019.8	0
1020.5	0
1021.2	0
1021.9	0
1022.6	0
1023.3	0
1024.0	0
1024.7	0
1025.5	0
1026.2	0
1026.9	0
1027.6	0
1028.3	0
1029.0	0
1029.7	0
1030.4	0
1031.1	1
1031.8	0
1032.6	0
1033.3	0
1034.0	0
1034.7	0
1035.4	0
1036.1	0
1036.8	0
1037.5	0
1038.2	0
1038.9	0
1039.6	0
1040.4	0
1041.1	0
1041.8	0
1042.5	0
1043.2	0
1043.9	0
1044.6	0
1045.3	0
1046.0	0
1046.7	0
1047.5	0
1048.2	0
1048.9	0
1049.6	0
1050.3	0
1051.0	0
1051.7	0
1052.4	0
1053.1	0
1053.8	0
1054.6	0
1055.3	0
1056.0	0
1056.7	0
1057.4	0
1058.1	0
1058.8	0
1059.5	0
1060.2	0
1060.9	0
1061.6	0
1062.4	0
1063.1	0
1063.8	0
1064.5	0
1065.2	0
1065.9	0
1066.6	0
1067.3	0
1068.0	0
1068.7	0
1069.5	0
1070.2	0
1070.9	0
1071.6	0
1072.3	0
1073.0	0
1073.7	0
1074.4	0
1075.1	0
1075.8	0
1076.6	0
1077.3	0
1078.0	0
1078.7	0
1079.4	0
1080.1	0
1080.8	0
1081.5	0
1082.2	0
1082.9	0
1083.6	0
1084.4	0
1085.1	0
1085.8	0
1086.5	0
1087.2	1
1087.9	0
1088.6	0
1089.3	0
1090.0	0
1090.7	0
1091.5	0
1092.2	0
1092.9	0
1093.6	0
1094.3	0
1095.0	0
1095.7	0
1096.4	0
1097.1	0
1097.8	0
1098.6	0
1099.3	0
1100.0	0
1100.7	0
1101.4	0
1102.1	0
1102.8	0
1103.5	0
1104.2	0
1104.9	0
1105.6	0
1106.4	0
1107.1	0
1107.8	0
1108.5	0
1109.2	0
1109.9	0
1110.6	0
1111.3	0
1112.0	0
1112.7	0
1113.5	0
1114.2	0
1114.9	0
1115.6	0
1116.3	0
1117.0	0
1117.7	0
1118.4	0
1119.1	0
1119.8	1
1120.6	0
1121.3	0
1122.0	0
1122.7	0
1123.4	0
1124.1	0
1124.8	0
1125.5	0
1126.2	0
1126.9	0
1127.6	0
1128.4	0
1129.1	0
1129.8	0
1130.5	0
1131.2	0
1131.9	0
1132.6	0
1133.3	1
1134.0	0
1134.7	0
1135.5	0
1136.2	0
1136.9	0
1137.6	0
1138.3	0
1139.0	0
1139.7	0
1140.4	0
1141.1	0
1141.8	0
1142.6	0
1143.3	0
1144.0	0
1144.7	0
1145.4	0
1146.1	0
1146.8	0
1147.5	0
1148.2	0
1148.9	0
1149.6	0
1150.4	0
1151.1	0
1151.8	0
1152.5	0
1153.2	0
1153.9	0
1154.6	0
1155.3	0
1156.0	0
1156.7	0
1157.5	0
1158.2	0
1158.9	0
1159.6	0
1160.3	0
1161.0	0
1161.7	0
1162.4	0
1163.1	0
1163.8	0
1164.6	0
1165.3	0
1166.0	0
1166.7	0
1167.4	0
1168.1	0
1168.8	0
1169.5	0
1170.2	0
1170.9	0
1171.6	0
1172.4	0
1173.1	0
1173.8	0
1174.5	0
1175.2	0
1175.9	0
1176.6	0
1177.3	0
1178.0	0
1178.7	0
1179.5	0
1180.2	0
1180.9	0
1181.6	0
1182.3	0
1183.0	0
1183.7	0
1184.4	0
1185.1	0
1185.8	0
1186.6	0
1187.3	0
1188.0	0
1188.7	0
1189.4	0
1190.1	0
1190.8	0
1191.5	0
1192.2	0
1192.9	0
1193.6	0
1194.4	0
1195.1	0
1195.8	0
1196.5	0
1197.2	0
1197.9	0
1198.6	0
1199.3	0
1200.0	0
1200.7	0
1201.5	0
1202.2	0
1202.9	0
1203.6	0
1204.3	0
1205.0	0
1205.7	0
1206.4	0
1207.1	0
1207.8	0
1208.5	0
1209.3	0
1210.0	0
1210.7	0
1211.4	0
1212.1	0
1212.8	0
1213.5	0
1214.2	0
1214.9	0
1215.6	0
1216.4	0
1217.1	0
1217.8	0
1218.5	0
1219.2	0
1219.9	0
1220.6	0
1221.3	0
1222.0	0
1222.7	0
1223.5	0
1224.2	0
1224.9	0
1225.6	0
1226.3	0
1227.0	0
1227.7	0
1228.4	0
1229.1	0
1229.8	0
1230.5	0
1231.3	0
1232.0	0
1232.7	0
1233.4	1
1234.1	0
1234.8	0
1235.5	0
1236.2	0
1236.9	0
1237.6	0
1238.4	0
1239.1	0
1239.8	0
1240.5	0
1241.2	0
1241.9	0
1242.6	0
1243.3	0
1244.0	0
1244.7	0
1245.5	0
1246.2	0
1246.9	0
1247.6	0
1248.3	0
1249.0	0
1249.7	0
1250.4	1
1251.1	0
1251.8	0
1252.5	0
1253.3	0
1254.0	0
1254.7	0
1255.4	0
1256.1	0
1256.8	0
1257.5	0
1258.2	0
1258.9	0
1259.6	0
1260.4	0
1261.1	0
1261.8	0
1262.5	0
1263.2	0
1263.9	0
1264.6	0
1265.3	0
1266.0	0
1266.7	0
1267.5	0
1268.2	0
1268.9	0
1269.6	0
1270.3	0
1271.0	0
1271.7	0
1272.4	0
1273.1	0
1273.8	0
1274.5	0
1275.3	0
1276.0	0
1276.7	0
1277.4	0
1278.1	0
1278.8	0
1279.5	0
1280.2	0
1280.9	0
1281.6	0
1282.4	0
1283.1	0
1283.8	0
1284.5	0
1285.2	0
1285.9	0
1286.6	0
1287.3	0
1288.0	0
1288.7	0
1289.5	0
1290.2	0
1290.9	0
1291.6	0
1292.3	0
1293.0	0
1293.7	0
1294.4	0
1295.1	0
1295.8	0
1296.5	0
1297.3	0
1298.0	0
1298.7	0
1299.4	0
1300.1	0
1300.8	0
1301.5	0
1302.2	0
1302.9	0
1303.6	0
1304.4	0
1305.1	0
1305.8	0
1306.5	0
1307.2	0
1307.9	0
1308.6	0
1309.3	0
1310.0	0
1310.7	0
1311.5	0
1312.2	0
1312.9	0
1313.6	0
1314.3	0
1315.0	0
1315.7	0
1316.4	0
1317.1	0
1317.8	0
1318.5	0
1319.3	0
1320.0	0
1320.7	0
1321.4	0
1322.1	1
1322.8	0
1323.5	0
1324.2	0
1324.9	0
1325.6	0
1326.4	0
1327.1	0
1327.8	0
1328.5	0
1329.2	0
1329.9	0
1330.6	0
1331.3	0
1332.0	0
1332.7	0
1333.5	0
1334.2	0
1334.9	0
1335.6	0
1336.3	0
1337.0	0
1337.7	0
1338.4	0
1339.1	0
1339.8	0
1340.5	0
1341.3	0
1342.0	0
1342.7	0
1343.4	0
1344.1	0
1344.8	0
1345.5	0
1346.2	0
1346.9	0
1347.6	0
1348.4	0
1349.1	0
1349.8	0
1350.5	0
1351.2	0
1351.9	0
1352.6	0
1353.3	0
1354.0	0
1354.7	0
1355.5	0
1356.2	0
1356.9	0
1357.6	0
1358.3	0
1359.0	0
1359.7	0
1360.4	0
1361.1	0
1361.8	0
1362.5	0
1363.3	0
1364.0	0
1364.7	0
1365.4	0
1366.1	0
1366.8	0
1367.5	0
1368.2	0
1368.9	0
1369.6	0
1370.4	0
1371.1	0
1371.8	0
1372.5	0
1373.2	0
1373.9	0
1374.6	0
1375.3	0
1376.0	0
1376.7	0
1377.4	0
1378.2	0
1378.9	0
1379.6	0
1380.3	0
1381.0	0
1381.7	0
1382.4	0
1383.1	0
1383.8	0
1384.5	0
1385.3	0
1386.0	0
1386.7	0
1387.4	0
1388.1	0
1388.8	0
1389.5	0
1390.2	0
1390.9	0
1391.6	0
1392.4	0
1393.1	0
1393.8	0
1394.5	0
1395.2	0
1395.9	0
1396.6	0
1397.3	0
1398.0	0
1398.7	0
1399.4	0
1400.2	0
1400.9	0
1401.6	0
1402.3	0
1403.0	0
1403.7	0
1404.4	0
1405.1	0
1405.8	0
1406.5	0
1407.3	0
1408.0	0
1408.7	0
1409.4	0
1410.1	0
1410.8	0
1411.5	0
1412.2	0
1412.9	0
1413.6	0
1414.4	0
1415.1	0
1415.8	0
1416.5	0
1417.2	0
1417.9	0
1418.6	0
1419.3	0
1420.0	0
1420.7	0
1421.4	0
1422.2	0
1422.9	0
1423.6	0
1424.3	0
1425.0	0
1425.7	0
1426.4	0
1427.1	0
1427.8	0
1428.5	0
1429.3	0
1430.0	0
1430.7	0
1431.4	0
1432.1	0
1432.8	0
1433.5	0
1434.2	0
1434.9	0
1435.6	0
1436.4	0
1437.1	0
1437.8	0
1438.5	0
1439.2	0
1439.9	0
1440.6	0
1441.3	0
1442.0	0
1442.7	0
1443.4	0
1444.2	0
1444.9	0
1445.6	0
1446.3	0
1447.0	0
1447.7	0
1448.4	0
1449.1	0
1449.8	0
1450.5	0
1451.3	0
1452.0	0
1452.7	0
1453.4	0
1454.1	0
1454.8	0
1455.5	0
1456.2	0
1456.9	0
1457.6	0
1458.4	0
1459.1	0
1459.8	0
1460.5	0
1461.2	0
1461.9	0
1462.6	0
1463.3	0
1464.0	0
1464.7	0
1465.4	0
1466.2	0
1466.9	0
1467.6	0
1468.3	0
1469.0	0
1469.7	0
1470.4	0
1471.1	0
1471.8	0
1472.5	0
1473.3	0
1474.0	1
1474.7	0
1475.4	0
1476.1	0
1476.8	0
1477.5	0
1478.2	0
1478.9	0
1479.6	0
1480.4	0
1481.1	0
1481.8	0
1482.5	0
1483.2	0
1483.9	0
1484.6	0
1485.3	0
1486.0	0
1486.7	0
1487.4	0
1488.2	0
1488.9	0
1489.6	0
1490.3	0
1491.0	0
1491.7	0
1492.4	0
1493.1	0
1493.8	0
1494.5	0
1495.3	0
1496.0	0
1496.7	0
1497.4	0
1498.1	0
1498.8	0
1499.5	0
1500.2	0
1500.9	0
1501.6	0
1502.4	0
1503.1	0
1503.8	0
1504.5	0
1505.2	0
1505.9	0
1506.6	0
1507.3	0
1508.0	0
1508.7	0
1509.4	0
1510.2	0
1510.9	0
1511.6	0
1512.3	0
1513.0	0
1513.7	0
1514.4	0
1515.1	0
1515.8	0
1516.5	0
1517.3	0
1518.0	0
1518.7	0
1519.4	0
1520.1	0
1520.8	0
1521.5	0
1522.2	0
1522.9	0
1523.6	0
1524.4	0
1525.1	0
1525.8	0
1526.5	0
1527.2	0
1527.9	0
1528.6	0
1529.3	0
1530.0	0
1530.7	0
1531.4	0
1532.2	0
1532.9	0
1533.6	0
1534.3	0
1535.0	0
1535.7	0
1536.4	0
1537.1	0
1537.8	0
1538.5	0
1539.3	0
1540.0	0
1540.7	0
1541.4	0
1542.1	0
1542.8	0
1543.5	0
1544.2	0
1544.9	0
1545.6	0
1546.4	0
1547.1	0
1547.8	0
1548.5	0
1549.2	0
1549.9	0
1550.6	0
1551.3	0
1552.0	0
1552.7	0
1553.4	0
1554.2	0
1554.9	0
1555.6	1
1556.3	0
1557.0	0
1557.7	0
1558.4	0
1559.1	0
1559.8	0
1560.5	0
1561.3	0
1562.0	0
1562.7	0
1563.4	0
1564.1	0
1564.8	0
1565.5	0
1566.2	0
1566.9	0
1567.6	0
1568.3	0
1569.1	0
1569.8	0
1570.5	0
1571.2	0
1571.9	0
1572.6	0
1573.3	0
1574.0	0
1574.7	0
1575.4	0
1576.2	0
1576.9	0
1577.6	0
1578.3	0
1579.0	0
1579.7	0
1580.4	0
1581.1	0
1581.8	0
1582.5	0
1583.3	0
1584.0	0
1584.7	0
1585.4	0
1586.1	1
1586.8	0
1587.5	0
1588.2	0
1588.9	0
1589.6	0
1590.3	0
1591.1	0
1591.8	0
1592.5	0
1593.2	0
1593.9	0
1594.6	0
1595.3	0
1596.0	0
1596.7	0
1597.4	0
1598.2	0
1598.9	0
1599.6	0
1600.3	0
1601.0	0
1601.7	0
1602.4	0
1603.1	0
1603.8	0
1604.5	0
1605.3	0
1606.0	0
1606.7	0
1607.4	0
1608.1	0
1608.8	0
1609.5	0
1610.2	0
1610.9	0
1611.6	0
1612.3	0
1613.1	0
1613.8	0
1614.5	0
1615.2	0
1615.9	0
1616.6	0
1617.3	0
1618.0	0
1618.7	0
1619.4	0
1620.2	0
1620.9	0
1621.6	0
1622.3	0
1623.0	0
1623.7	0
1624.4	0
1625.1	0
1625.8	0
1626.5	0
1627.3	0
1628.0	0
1628.7	0
1629.4	0
1630.1	0
1630.8	0
1631.5	0
1632.2	0
1632.9	0
1633.6	0
1634.3	0
1635.1	0
1635.8	0
1636.5	0
1637.2	0
1637.9	0
1638.6	0
1639.3	0
1640.0	0
1640.7	0
1641.4	0
1642.2	0
1642.9	0
1643.6	0
1644.3	0
1645.0	0
1645.7	0
1646.4	0
1647.1	0
1647.8	0
1648.5	0
1649.3	0
1650.0	0
1650.7	0
1651.4	0
1652.1	0
1652.8	0
1653.5	0
1654.2	0
1654.9	0
1655.6	0
1656.3	0
1657.1	0
1657.8	0
1658.5	0
1659.2	0
1659.9	0
1660.6	0
1661.3	0
1662.0	0
1662.7	0
1663.4	0
1664.2	0
1664.9	0
1665.6	0
1666.3	0
1667.0	0
1667.7	0
1668.4	0
1669.1	0
1669.8	0
1670.5	0
1671.3	0
1672.0	0
1672.7	0
1673.4	0
1674.1	0
1674.8	0
1675.5	0
1676.2	0
1676.9	0
1677.6	0
1678.3	0
1679.1	0
1679.8	0
1680.5	0
1681.2	0
1681.9	0
1682.6	0
1683.3	0
1684.0	0
1684.7	0
1685.4	0
1686.2	0
1686.9	0
1687.6	0
1688.3	0
1689.0	0
1689.7	0
1690.4	0
1691.1	0
1691.8	0
1692.5	0
1693.3	0
1694.0	0
1694.7	0
1695.4	0
1696.1	0
1696.8	0
1697.5	0
1698.2	0
1698.9	0
1699.6	0
1700.3	0
1701.1	0
1701.8	0
1702.5	0
1703.2	0
1703.9	0
1704.6	0
1705.3	0
1706.0	0
1706.7	0
1707.4	0
1708.2	1
1708.9	0
1709.6	0
1710.3	0
1711.0	0
1711.7	0
1712.4	0
1713.1	0
1713.8	0
1714.5	0
1715.3	0
1716.0	0
1716.7	0
1717.4	0
1718.1	0
1718.8	0
1719.5	0
1720.2	0
1720.9	0
1721.6	0
1722.3	0
1723.1	0
1723.8	0
1724.5	0
1725.2	0
1725.9	0
1726.6	0
1727.3	1
1728.0	0
1728.7	0
1729.4	0
1730.2	0
1730.9	0
1731.6	0
1732.3	0
1733.0	0
1733.7	0
1734.4	0
1735.1	0
1735.8	0
1736.5	0
1737.3	0
1738.0	0
1738.7	0
1739.4	0
1740.1	0
1740.8	0
1741.5	0
1742.2	0
1742.9	0
1743.6	0
1744.3	0
1745.1	0
1745.8	0
1746.5	0
1747.2	0
1747.9	0
1748.6	1
1749.3	0
1750.0	0
1750.7	0
1751.4	0
1752.2	0
1752.9	0
1753.6	0
1754.3	0
1755.0	0
1755.7	0
1756.4	0
1757.1	0
1757.8	0
1758.5	0
1759.2	0
1760.0	0
1760.7	0
1761.4	0
1762.1	0
1762.8	0
1763.5	0
1764.2	0
1764.9	0
1765.6	0
1766.3	0
1767.1	0
1767.8	0
1768.5	0
1769.2	0
1769.9	0
1770.6	0
1771.3	0
1772.0	0
1772.7	0
1773.4	0
1774.2	0
1774.9	0
1775.6	0
1776.3	0
1777.0	0
1777.7	0
1778.4	0
1779.1	0
1779.8	0
1780.5	0
1781.2	0
1782.0	0
1782.7	0
1783.4	0
1784.1	0
1784.8	0
1785.5	0
1786.2	0
1786.9	0
1787.6	0
1788.3	0
1789.1	0
1789.8	0
1790.5	0
1791.2	0
1791.9	0
1792.6	0
1793.3	0
1794.0	0
1794.7	0
1795.4	0
1796.2	0
1796.9	0
1797.6	0
1798.3	0
1799.0	0
1799.7	0
1800.4	0
1801.1	0
1801.8	0
1802.5	0
1803.2	0
1804.0	0
1804.7	0
1805.4	0
1806.1	0
1806.8	0
1807.5	0
1808.2	0
1808.9	0
1809.6	0
1810.3	0
1811.1	0
1811.8	0
1812.5	0
1813.2	0
1813.9	0
1814.6	0
1815.3	0
1816.0	0
1816.7	0
1817.4	0
1818.2	0
1818.9	0
1819.6	0
1820.3	0
1821.0	0
1821.7	0
1822.4	0
1823.1	0
1823.8	0
1824.5	0
1825.2	0
1826.0	0
1826.7	0
1827.4	0
1828.1	0
1828.8	0
1829.5	0
1830.2	0
1830.9	0
1831.6	0
1832.3	0
1833.1	0
1833.8	0
1834.5	0
1835.2	0
1835.9	0
1836.6	0
1837.3	0
1838.0	0
1838.7	0
1839.4	0
1840.2	0
1840.9	0
1841.6	0
1842.3	0
1843.0	0
1843.7	0
1844.4	0
1845.1	0
1845.8	0
1846.5	0
1847.2	0
1848.0	0
1848.7	0
1849.4	0
1850.1	0
1850.8	0
1851.5	0
1852.2	1
1852.9	0
1853.6	0
1854.3	0
1855.1	0
1855.8	0
1856.5	0
1857.2	0
1857.9	0
1858.6	0
1859.3	0
1860.0	0
1860.7	0
1861.4	0
1862.2	0
1862.9	0
1863.6	0
1864.3	0
1865.0	0
1865.7	0
1866.4	0
1867.1	0
1867.8	0
1868.5	0
1869.2	0
1870.0	0
1870.7	0
1871.4	0
1872.1	0
1872.8	0
1873.5	0
1874.2	0
1874.9	0
1875.6	0
1876.3	0
1877.1	0
1877.8	0
1878.5	0
1879.2	0
1879.9	0
1880.6	0
1881.3	0
1882.0	0
1882.7	0
1883.4	0
1884.2	0
1884.9	0
1885.6	0
1886.3	0
1887.0	0
1887.7	0
1888.4	0
1889.1	0
1889.8	0
1890.5	0
1891.2	0
1892.0	0
1892.7	0
1893.4	0
1894.1	0
1894.8	0
1895.5	0
1896.2	0
1896.9	0
1897.6	0
1898.3	0
1899.1	0
1899.8	0
1900.5	0
1901.2	0
1901.9	0
1902.6	0
1903.3	1
1904.0	0
1904.7	0
1905.4	0
1906.2	0
1906.9	0
1907.6	0
1908.3	0
1909.0	0
1909.7	0
1910.4	0
1911.1	0
1911.8	1
1912.5	0
1913.2	0
1914.0	0
1914.7	0
1915.4	0
1916.1	0
1916.8	0
1917.5	0
1918.2	0
1918.9	0
1919.6	0
1920.3	0
1921.1	0
1921.8	0
1922.5	0
1923.2	0
1923.9	0
1924.6	0
1925.3	0
1926.0	0
1926.7	0
1927.4	0
1928.1	0
1928.9	0
1929.6	0
1930.3	0
1931.0	0
1931.7	0
1932.4	0
1933.1	0
1933.8	0
1934.5	0
1935.2	0
1936.0	0
1936.7	0
1937.4	0
1938.1	0
1938.8	0
1939.5	0
1940.2	0
1940.9	0
1941.6	0
1942.3	0
1943.1	0
1943.8	0
1944.5	0
1945.2	0
1945.9	0
1946.6	0
1947.3	0
1948.0	0
1948.7	0
1949.4	0
1950.1	0
1950.9	0
1951.6	0
1952.3	0
1953.0	0
1953.7	0
1954.4	0
1955.1	0
1955.8	0
1956.5	0
1957.2	0
1958.0	0
1958.7	0
1959.4	0
1960.1	0
1960.8	0
1961.5	0
1962.2	0
1962.9	0
1963.6	0
1964.3	0
1965.1	0
1965.8	0
1966.5	0
1967.2	0
1967.9	0
1968.6	0
1969.3	0
1970.0	0
1970.7	0
1971.4	0
1972.1	0
1972.9	0
1973.6	0
1974.3	0
1975.0	0
1975.7	0
1976.4	0
1977.1	0
1977.8	0
1978.5	0
1979.2	0
1980.0	0
1980.7	0
1981.4	0
1982.1	0
1982.8	0
1983.5	0
1984.2	0
1984.9	0
1985.6	0
1986.3	0
1987.1	0
1987.8	0
1988.5	0
1989.2	0
1989.9	0
1990.6	0
1991.3	0
1992.0	0
1992.7	0
1993.4	0
1994.1	0
1994.9	0
1995.6	0
1996.3	0
1997.0	0
1997.7	0
1998.4	0
1999.1	0
1999.8	0
2000.5	0
2001.2	0
2002.0	0
2002.7	0
2003.4	0
2004.1	0
2004.8	0
2005.5	0
2006.2	0
2006.9	0
2007.6	0
2008.3	0
2009.1	0
2009.8	0
2010.5	0
2011.2	0
2011.9	0
2012.6	0
2013.3	0
2014.0	0
2014.7	0
2015.4	0
2016.1	0
2016.9	0
2017.6	0
2018.3	0
2019.0	0
2019.7	0
2020.4	0
2021.1	0
2021.8	0
2022.5	0
2023.2	0
2024.0	0
2024.7	0
2025.4	0
2026.1	0
2026.8	0
2027.5	0
2028.2	0
2028.9	0
2029.6	0
2030.3	0
2031.1	0
2031.8	0
2032.5	0
2033.2	0
2033.9	0
2034.6	0
2035.3	0
2036.0	0
2036.7	0
2037.4	0
2038.1	0
2038.9	0
2039.6	0
2040.3	0
2041.0	0
2041.7	0
2042.4	0
2043.1	0
2043.8	0
2044.5	0
2045.2	0
2046.0	0
2046.7	0
2047.4	0
2048.1	0
2048.8	0
2049.5	0
2050.2	0
2050.9	0
2051.6	0
2052.3	0
2053.1	0
2053.8	0
2054.5	0
2055.2	0
2055.9	0
2056.6	0
2057.3	0
2058.0	0
2058.7	0
2059.4	0
2060.1	0
2060.9	0
2061.6	0
2062.3	0
2063.0	0
2063.7	0
2064.4	0
2065.1	0
2065.8	0
2066.5	0
2067.2	0
2068.0	0
2068.7	0
2069.4	0
2070.1	0
2070.8	0
2071.5	0
2072.2	0
2072.9	0
2073.6	0
2074.3	0
2075.1	0
2075.8	0
2076.5	0
2077.2	0
2077.9	0
2078.6	0
2079.3	0
2080.0	0
2080.7	0
2081.4	0
2082.1	0
2082.9	0
2083.6	0
2084.3	0
2085.0	0
2085.7	0
2086.4	0
2087.1	0
2087.8	0
2088.5	0
2089.2	0
2090.0	0
2090.7	0
2091.4	0
2092.1	0
2092.8	0
2093.5	0
2094.2	0
2094.9	0
2095.6	0
2096.3	0
2097.1	0
2097.8	0
2098.5	0
2099.2	0
2099.9	0
2100.6	0
2101.3	0
2102.0	0
2102.7	0
2103.4	0
2104.1	0
2104.9	0
2105.6	0
2106.3	0
2107.0	0
2107.7	0
2108.4	0
2109.1	0
2109.8	0
2110.5	0
2111.2	0
2112.0	0
2112.7	0
2113.4	0
2114.1	0
2114.8	0
2115.5	0
2116.2	0
2116.9	0
2117.6	0
2118.3	0
2119.0	0
2119.8	0
2120.5	0
2121.2	0
2121.9	0
2122.6	0
2123.3	0
2124.0	0
2124.7	0
2125.4	0
2126.1	0
2126.9	0
2127.6	0
2128.3	0
2129.0	0
2129.7	0
2130.4	0
2131.1	0
2131.8	0
2132.5	0
2133.2	0
2134.0	0
2134.7	0
2135.4	0
2136.1	0
2136.8	0
2137.5	0
2138.2	0
2138.9	0
2139.6	0
2140.3	0
2141.0	0
2141.8	0
2142.5	0
2143.2	0
2143.9	0
2144.6	0
2145.3	0
2146.0	0
2146.7	0
2147.4	0
2148.1	0
2148.9	0
2149.6	0
2150.3	0
2151.0	0
2151.7	0
2152.4	0
2153.1	0
2153.8	0
2154.5	0
2155.2	0
2156.0	0
2156.7	0
2157.4	0
2158.1	0
2158.8	0
2159.5	0
2160.2	0
2160.9	0
2161.6	0
2162.3	0
2163.0	0
2163.8	0
2164.5	0
2165.2	0
2165.9	0
2166.6	0
2167.3	0
2168.0	0
2168.7	0
2169.4	0
2170.1	0
2170.9	0
2171.6	0
2172.3	0
2173.0	0
2173.7	0
2174.4	0
2175.1	0
2175.8	0
2176.5	0
2177.2	0
2178.0	0
2178.7	0
2179.4	0
2180.1	0
2180.8	0
2181.5	0
2182.2	0
2182.9	0
2183.6	0
2184.3	0
2185.0	0
2185.8	0
2186.5	0
2187.2	0
2187.9	0
2188.6	0
2189.3	0
2190.0	0
2190.7	0
2191.4	0
2192.1	0
2192.9	0
2193.6	0
2194.3	0
2195.0	0
2195.7	0
2196.4	0
2197.1	0
2197.8	0
2198.5	0
2199.2	0
2200.0	0
2200.7	0
2201.4	0
2202.1	0
2202.8	0
2203.5	0
2204.2	0
2204.9	0
2205.6	0
2206.3	0
2207.0	0
2207.8	0
2208.5	0
2209.2	0
2209.9	0
2210.6	0
2211.3	0
2212.0	0
2212.7	0
2213.4	0
2214.1	0
2214.9	0
2215.6	0
2216.3	0
2217.0	0
2217.7	0
2218.4	0
2219.1	0
2219.8	0
2220.5	0
2221.2	0
2222.0	0
2222.7	0
2223.4	0
2224.1	0
2224.8	1
2225.5	0
2226.2	0
2226.9	0
2227.6	0
2228.3	0
2229.0	0
2229.8	0
2230.5	0
2231.2	0
2231.9	0
2232.6	0
2233.3	0
2234.0	0
2234.7	0
2235.4	0
2236.1	0
2236.9	0
2237.6	0
2238.3	0
2239.0	0
2239.7	0
2240.4	0
2241.1	0
2241.8	0
2242.5	0
2243.2	0
2244.0	0
2244.7	0
2245.4	0
2246.1	0
2246.8	0
2247.5	0
2248.2	0
2248.9	0
2249.6	0
2250.3	0
2251.0	0
2251.8	0
2252.5	0
2253.2	0
2253.9	0
2254.6	0
2255.3	0
2256.0	0
2256.7	1
2257.4	0
2258.1	0
2258.9	0
2259.6	0
2260.3	0
2261.0	0
2261.7	0
2262.4	0
2263.1	0
2263.8	0
2264.5	0
2265.2	0
2266.0	0
2266.7	0
2267.4	0
2268.1	0
2268.8	0
2269.5	0
2270.2	0
2270.9	0
2271.6	0
2272.3	0
2273.0	0
2273.8	0
2274.5	0
2275.2	0
2275.9	0
2276.6	0
2277.3	0
2278.0	0
2278.7	0
2279.4	0
2280.1	0
2280.9	0
2281.6	0
2282.3	0
2283.0	0
2283.7	0
2284.4	0
2285.1	0
2285.8	0
2286.5	0
2287.2	0
2287.9	0
2288.7	0
2289.4	0
2290.1	0
2290.8	0
2291.5	0
2292.2	0
2292.9	0
2293.6	0
2294.3	0
2295.0	0
2295.8	0
2296.5	0
2297.2	0
2297.9	0
2298.6	0
2299.3	0
2300.0	0
2300.7	0
2301.4	0
2302.1	0
2302.9	0
2303.6	0
2304.3	0
2305.0	0
2305.7	0
2306.4	0
2307.1	0
2307.8	0
2308.5	0
2309.2	0
2309.9	0
2310.7	0
2311.4	0
2312.1	0
2312.8	0
2313.5	0
2314.2	0
2314.9	0
2315.6	0
2316.3	0
2317.0	0
2317.8	0
2318.5	0
2319.2	0
2319.9	0
2320.6	0
2321.3	0
2322.0	0
2322.7	0
2323.4	0
2324.1	0
2324.9	0
2325.6	0
2326.3	0
2327.0	0
2327.7	0
2328.4	0
2329.1	0
2329.8	0
2330.5	0
2331.2	0
2331.9	0
2332.7	0
2333.4	0
2334.1	0
2334.8	0
2335.5	0
2336.2	0
2336.9	0
2337.6	0
2338.3	0
2339.0	0
2339.8	0
2340.5	0
2341.2	0
2341.9	1
2342.6	0
2343.3	0
2344.0	0
2344.7	0
2345.4	0
2346.1	0
2346.9	0
2347.6	0
2348.3	0
2349.0	0
2349.7	0
2350.4	0
2351.1	0
2351.8	0
2352.5	0
2353.2	0
2353.9	0
2354.7	0
2355.4	0
2356.1	0
2356.8	0
2357.5	0
2358.2	1
2358.9	0
2359.6	0
2360.3	0
2361.0	0
2361.8	0
2362.5	0
2363.2	0
2363.9	0
2364.6	0
2365.3	0
2366.0	0
2366.7	0
2367.4	0
2368.1	0
2368.9	0
2369.6	0
2370.3	0
2371.0	0
2371.7	0
2372.4	0
2373.1	0
2373.8	0
2374.5	0
2375.2	0
2375.9	0
2376.7	0
2377.4	0
2378.1	0
2378.8	0
2379.5	0
2380.2	0
2380.9	0
2381.6	0
2382.3	0
2383.0	0
2383.8	0
2384.5	0
2385.2	0
2385.9	0
2386.6	0
2387.3	0
2388.0	0
2388.7	0
2389.4	0
2390.1	0
2390.9	0
2391.6	0
2392.3	0
2393.0	0
2393.7	0
2394.4	0
2395.1	0
2395.8	0
2396.5	0
2397.2	0
2397.9	0
2398.7	0
2399.4	0
2400.1	0
2400.8	0
2401.5	0
2402.2	0
2402.9	0
2403.6	0
2404.3	0
2405.0	0
2405.8	0
2406.5	0
2407.2	0
2407.9	0
2408.6	0
2409.3	0
2410.0	0
2410.7	0
2411.4	0
2412.1	0
2412.9	0
2413.6	0
2414.3	0
2415.0	0
2415.7	0
2416.4	0
2417.1	0
2417.8	0
2418.5	0
2419.2	0
2419.9	0
2420.7	0
2421.4	0
2422.1	0
2422.8	0
2423.5	0
2424.2	0
2424.9	0
2425.6	0
2426.3	0
2427.0	0
2427.8	0
2428.5	0
2429.2	0
2429.9	0
2430.6	0
2431.3	0
2432.0	0
2432.7	0
2433.4	0
2434.1	0
2434.9	0
2435.6	0
2436.3	0
2437.0	0
2437.7	0
2438.4	0
2439.1	0
2439.8	0
2440.5	0
2441.2	0
2441.9	0
2442.7	0
2443.4	0
2444.1	0
2444.8	0
2445.5	0
2446.2	0
2446.9	0
2447.6	0
2448.3	0
2449.0	0
2449.8	0
2450.5	0
2451.2	0
2451.9	0
2452.6	0
2453.3	0
2454.0	0
2454.7	0
2455.4	0
2456.1	0
2456.9	0
2457.6	0
2458.3	0
2459.0	0
2459.7	0
2460.4	0
2461.1	0
2461.8	0
2462.5	0
2463.2	0
2463.9	0
2464.7	0
2465.4	0
2466.1	0
2466.8	0
2467.5	0
2468.2	0
2468.9	0
2469.6	0
2470.3	0
2471.0	0
2471.8	0
2472.5	0
2473.2	0
2473.9	0
2474.6	0
2475.3	0
2476.0	0
2476.7	0
2477.4	0
2478.1	0
2478.8	0
2479.6	0
2480.3	0
2481.0	0
2481.7	0
2482.4	0
2483.1	0
2483.8	0
2484.5	0
2485.2	0
2485.9	0
2486.7	0
2487.4	0
2488.1	0
2488.8	0
2489.5	0
2490.2	0
2490.9	0
2491.6	0
2492.3	0
2493.0	0
2493.8	0
2494.5	0
2495.2	0
2495.9	0
2496.6	0
2497.3	0
2498.0	0
2498.7	0
2499.4	0
2500.1	0
2500.8	0
2501.6	0
2502.3	0
2503.0	0
2503.7	0
2504.4	0
2505.1	0
2505.8	0
2506.5	0
2507.2	0
2507.9	0
2508.7	0
2509.4	0
2510.1	0
2510.8	0
2511.5	0
2512.2	0
2512.9	0
2513.6	0
2514.3	0
2515.0	0
2515.8	0
2516.5	0
2517.2	0
2517.9	0
2518.6	0
2519.3	0
2520.0	0
2520.7	0
2521.4	0
2522.1	0
2522.8	0
2523.6	0
2524.3	0
2525.0	0
2525.7	0
2526.4	0
2527.1	0
2527.8	0
2528.5	0
2529.2	0
2529.9	0
2530.7	0
2531.4	0
2532.1	0
2532.8	0
2533.5	0
2534.2	0
2534.9	0
2535.6	0
2536.3	0
2537.0	0
2537.8	0
2538.5	0
2539.2	0
2539.9	0
2540.6	0
2541.3	0
2542.0	0
2542.7	0
2543.4	0
2544.1	0
2544.8	0
2545.6	0
2546.3	0
2547.0	0
2547.7	0
2548.4	0
2549.1	0
2549.8	0
2550.5	0
2551.2	0
2551.9	0
2552.7	0
2553.4	0
2554.1	0
2554.8	0
2555.5	0
2556.2	0
2556.9	0
2557.6	0
2558.3	0
2559.0	0
2559.8	0
2560.5	0
2561.2	0
2561.9	0
2562.6	0
2563.3	0
2564.0	0
2564.7	0
2565.4	0
2566.1	0
2566.8	0
2567.6	0
2568.3	0
2569.0	0
2569.7	0
2570.4	0
2571.1	0
2571.8	0
2572.5	0
2573.2	0
2573.9	0
2574.7	0
2575.4	0
2576.1	0
2576.8	0
2577.5	0
2578.2	0
2578.9	0
2579.6	0
2580.3	0
2581.0	0
2581.8	0
2582.5	0
2583.2	0
2583.9	0
2584.6	0
2585.3	0
2586.0	0
2586.7	0
2587.4	0
2588.1	0
2588.8	0
2589.6	0
2590.3	0
2591.0	0
2591.7	0
2592.4	0
2593.1	0
2593.8	0
2594.5	0
2595.2	0
2595.9	0
2596.7	0
2597.4	0
2598.1	0
2598.8	0
2599.5	0
2600.2	0
2600.9	0
2601.6	0
2602.3	0
2603.0	0
2603.8	0
2604.5	0
2605.2	0
2605.9	0
2606.6	0
2607.3	0
2608.0	0
2608.7	0
2609.4	0
2610.1	0
2610.8	0
2611.6	0
2612.3	0
2613.0	0
2613.7	0
2614.4	0
2615.1	0
2615.8	0
2616.5	0
2617.2	0
2617.9	0
2618.7	0
2619.4	0
2620.1	0
2620.8	0
2621.5	0
2622.2	0
2622.9	0
2623.6	0
2624.3	0
2625.0	0
2625.8	0
2626.5	0
2627.2	0
2627.9	0
2628.6	0
2629.3	0
2630.0	0
2630.7	0
2631.4	0
2632.1	0
2632.8	0
2633.6	0
2634.3	0
2635.0	0
2635.7	0
2636.4	0
2637.1	0
2637.8	0
2638.5	0
2639.2	0
2639.9	0
2640.7	0
2641.4	0
2642.1	0
2642.8	0
2643.5	0
2644.2	0
2644.9	0
2645.6	0
2646.3	0
2647.0	0
2647.8	0
2648.5	0
2649.2	0
2649.9	0
2650.6	0
2651.3	0
2652.0	0
2652.7	0
2653.4	0
2654.1	0
2654.8	0
2655.6	0
2656.3	0
2657.0	0
2657.7	0
2658.4	0
2659.1	0
2659.8	0
2660.5	0
2661.2	0
2661.9	0
2662.7	0
2663.4	0
2664.1	0
2664.8	0
2665.5	0
2666.2	0
2666.9	0
2667.6	0
2668.3	0
2669.0	0
2669.7	0
2670.5	0
2671.2	0
2671.9	0
2672.6	0
2673.3	0
2674.0	0
2674.7	0
2675.4	0
2676.1	0
2676.8	0
2677.6	0
2678.3	0
2679.0	0
2679.7	0
2680.4	0
2681.1	0
2681.8	0
2682.5	0
2683.2	0
2683.9	0
2684.7	0
2685.4	0
2686.1	0
2686.8	0
2687.5	0
2688.2	0
2688.9	0
2689.6	0
2690.3	0
2691.0	0
2691.7	0
2692.5	0
2693.2	1
2693.9	0
2694.6	0
2695.3	0
2696.0	0
2696.7	0
2697.4	0
2698.1	0
2698.8	0
2699.6	0
2700.3	0
2701.0	1
2701.7	0
2702.4	0
2703.1	0
2703.8	0
2704.5	0
2705.2	0
2705.9	0
2706.7	1
2707.4	0
2708.1	0
2708.8	0
2709.5	0
2710.2	0
2710.9	0
2711.6	0
2712.3	0
2713.0	0
2713.7	0
2714.5	0
2715.2	0
2715.9	0
2716.6	0
2717.3	0
2718.0	0
2718.7	0
2719.4	0
2720.1	0
2720.8	0
2721.6	0
2722.3	0
2723.0	0
2723.7	0
2724.4	0
2725.1	0
2725.8	0
2726.5	0
2727.2	0
2727.9	0
2728.7	0
2729.4	0
2730.1	0
2730.8	0
2731.5	0
2732.2	0
2732.9	0
2733.6	0
2734.3	0
2735.0	0
2735.7	0
2736.5	0
2737.2	0
2737.9	0
2738.6	0
2739.3	0
2740.0	0
2740.7	0
2741.4	0
2742.1	0
2742.8	0
2743.6	0
2744.3	0
2745.0	0
2745.7	0
2746.4	0
2747.1	0
2747.8	0
2748.5	0
2749.2	0
2749.9	0
2750.7	0
2751.4	0
2752.1	0
2752.8	0
2753.5	0
2754.2	0
2754.9	0
2755.6	0
2756.3	0
2757.0	0
2757.7	0
2758.5	0
2759.2	0
2759.9	0
2760.6	0
2761.3	0
2762.0	0
2762.7	0
2763.4	0
2764.1	0
2764.8	0
2765.6	0
2766.3	0
2767.0	0
2767.7	0
2768.4	0
2769.1	0
2769.8	0
2770.5	0
2771.2	0
2771.9	0
2772.7	0
2773.4	0
2774.1	0
2774.8	0
2775.5	0
2776.2	0
2776.9	0
2777.6	0
2778.3	0
2779.0	0
2779.7	0
2780.5	0
2781.2	0
2781.9	0
2782.6	0
2783.3	0
2784.0	0
2784.7	0
2785.4	0
2786.1	0
2786.8	0
2787.6	0
2788.3	0
2789.0	0
2789.7	0
2790.4	0
2791.1	0
2791.8	0
2792.5	0
2793.2	0
2793.9	0
2794.7	0
2795.4	0
2796.1	0
2796.8	0
2797.5	0
2798.2	0
2798.9	0
2799.6	0
2800.3	0
2801.0	0
2801.7	0
2802.5	0
2803.2	0
2803.9	0
2804.6	0
2805.3	0
2806.0	0
2806.7	0
2807.4	0
2808.1	0
2808.8	0
2809.6	0
2810.3	0
2811.0	0
2811.7	0
2812.4	0
2813.1	0
2813.8	0
2814.5	0
2815.2	0
2815.9	0
2816.7	0
2817.4	0
2818.1	0
2818.8	0
2819.5	0
2820.2	0
2820.9	0
2821.6	0
2822.3	0
2823.0	0
2823.7	0
2824.5	0
2825.2	0
2825.9	0
2826.6	0
2827.3	0
2828.0	0
2828.7	0
2829.4	0
2830.1	0
2830.8	0
2831.6	0
2832.3	0
2833.0	0
2833.7	0
2834.4	0
2835.1	0
2835.8	0
2836.5	0
2837.2	0
2837.9	0
2838.6	0
2839.4	0
2840.1	0
2840.8	0
2841.5	0
2842.2	0
2842.9	0
2843.6	0
2844.3	0
2845.0	0
2845.7	0
2846.5	0
2847.2	0
2847.9	0
2848.6	0
2849.3	0
