Energy	Impulses
E/keV	Impulses/#

10.6	53
11.3	48
12.1	49
12.8	49
13.5	44
14.2	57
14.9	56
15.6	60
16.3	56
17.0	52
17.7	52
18.4	64
19.2	60
19.9	67
20.6	67
21.3	91
22.0	61
22.7	60
23.4	75
24.1	63
24.8	72
25.5	349
26.2	1517
27.0	2796
27.7	2933
28.4	3020
29.1	3687
29.8	3110
30.5	3514
31.2	3523
31.9	3510
32.6	3903
33.3	3494
34.1	3323
34.8	3477
35.5	3263
36.2	3129
36.9	3764
37.6	3088
38.3	3151
39.0	3694
39.7	3208
40.4	3924
41.2	3597
41.9	3440
42.6	3789
43.3	4074
44.0	4144
44.7	3562
45.4	3727
46.1	3888
46.8	3352
47.5	3580
48.2	4170
49.0	3334
49.7	3569
50.4	3759
51.1	3209
51.8	3777
52.5	3310
53.2	3249
53.9	3437
54.6	3337
55.3	3273
56.1	3488
56.8	3266
57.5	3431
58.2	3086
58.9	2905
59.6	3588
60.3	2920
61.0	3117
61.7	2985
62.4	2774
63.2	3309
63.9	2954
64.6	2679
65.3	2975
66.0	3047
66.7	2792
67.4	3200
68.1	2855
68.8	2960
69.5	2495
70.2	2916
71.0	3024
71.7	2749
72.4	3022
73.1	2777
73.8	2615
74.5	3245
75.2	2588
75.9	2859
76.6	2866
77.3	2867
78.1	3558
78.8	2589
79.5	2781
80.2	2983
80.9	2652
81.6	2662
82.3	3050
83.0	2575
83.7	2617
84.4	2915
85.2	2627
85.9	3012
86.6	2770
87.3	2546
88.0	2906
88.7	2669
89.4	2817
90.1	2815
90.8	2763
91.5	2867
92.2	2480
93.0	2777
93.7	3023
94.4	2611
95.1	2823
95.8	2742
96.5	2542
97.2	3058
97.9	2703
98.6	2657
99.3	3020
100.1	2878
100.8	2730
101.5	3239
102.2	2831
102.9	3010
103.6	2827
104.3	2594
105.0	3284
105.7	2615
106.4	2893
107.1	2844
107.9	2614
108.6	3312
109.3	3086
110.0	2694
110.7	3045
111.4	3021
112.1	2919
112.8	2957
113.5	2994
114.2	3319
115.0	2627
115.7	2952
116.4	3423
117.1	2942
117.8	3291
118.5	2988
119.2	2926
119.9	3375
120.6	2918
121.3	3186
122.1	3341
122.8	3213
123.5	3552
124.2	3535
124.9	3205
125.6	3526
126.3	3146
127.0	3045
127.7	3711
128.4	3139
129.1	3064
129.9	3666
130.6	3088
131.3	3814
132.0	3488
132.7	3208
133.4	3523
134.1	3728
134.8	3912
135.5	3342
136.2	3486
137.0	3667
137.7	3340
138.4	3533
139.1	4014
139.8	3278
140.5	3612
141.2	3770
141.9	3361
142.6	3905
143.3	3360
144.1	3577
144.8	3687
145.5	3542
146.2	3874
146.9	3228
147.6	3417
148.3	3495
149.0	3135
149.7	2962
150.4	3449
151.1	2928
151.9	3149
152.6	3007
153.3	2638
154.0	3181
154.7	2997
155.4	2649
156.1	2803
156.8	2895
157.5	2710
158.2	3065
159.0	2776
159.7	2848
160.4	2352
161.1	2732
161.8	2876
162.5	2462
163.2	2856
163.9	2543
164.6	2495
165.3	2935
166.1	2325
166.8	2607
167.5	2613
168.2	2729
168.9	3282
169.6	2595
170.3	2670
171.0	2895
171.7	2656
172.4	2715
173.1	3182
173.9	2865
174.6	3052
175.3	3269
176.0	3045
176.7	3951
177.4	3603
178.1	3366
178.8	3860
179.5	4148
180.2	4316
181.0	3858
181.7	4081
182.4	4221
183.1	3704
183.8	3892
184.5	4499
185.2	3578
185.9	3876
186.6	3457
187.3	3336
188.1	3524
188.8	3045
189.5	2829
190.2	2969
190.9	2814
191.6	2332
192.3	2966
193.0	2459
193.7	2436
194.4	2199
195.1	2077
195.9	2629
196.6	2193
197.3	2466
198.0	2446
198.7	2446
199.4	2979
200.1	2812
200.8	2592
201.5	2940
202.2	3106
203.0	3177
203.7	3152
204.4	3138
205.1	3357
205.8	2718
206.5	3168
207.2	3428
207.9	2768
208.6	3093
209.3	2683
210.1	2521
210.8	2801
211.5	2209
212.2	2244
212.9	2194
213.6	2039
214.3	2208
215.0	1756
215.7	1636
216.4	1611
217.1	1406
217.9	1290
218.6	1431
219.3	1130
220.0	1018
220.7	1177
221.4	974
222.1	1049
222.8	967
223.5	820
224.2	943
225.0	928
225.7	856
226.4	788
227.1	790
227.8	758
228.5	668
229.2	743
229.9	844
230.6	623
231.3	677
232.1	701
232.8	620
233.5	699
234.2	656
234.9	582
235.6	646
236.3	672
237.0	595
237.7	679
238.4	621
239.1	609
239.9	529
240.6	519
241.3	576
242.0	487
242.7	526
243.4	505
244.1	489
244.8	616
245.5	486
246.2	474
247.0	512
247.7	525
248.4	466
249.1	500
249.8	471
250.5	478
251.2	405
251.9	468
252.6	507
253.3	455
254.1	438
254.8	443
255.5	378
256.2	461
256.9	356
257.6	424
258.3	419
259.0	420
259.7	473
260.4	361
261.1	395
261.9	430
262.6	345
263.3	351
264.0	419
264.7	369
265.4	348
266.1	399
266.8	346
267.5	430
268.2	362
269.0	329
269.7	349
270.4	350
271.1	368
271.8	340
272.5	341
273.2	370
273.9	300
274.6	301
275.3	347
276.1	321
276.8	305
277.5	328
278.2	294
278.9	336
279.6	289
280.3	300
281.0	370
281.7	324
282.4	331
283.1	246
283.9	283
284.6	288
285.3	300
286.0	294
286.7	309
287.4	269
288.1	282
288.8	268
289.5	249
290.2	318
291.0	253
291.7	219
292.4	276
293.1	250
293.8	304
294.5	296
295.2	253
295.9	272
296.6	246
297.3	213
298.0	252
298.8	259
299.5	267
300.2	265
300.9	242
301.6	222
302.3	234
303.0	224
303.7	234
304.4	221
305.1	260
305.9	225
306.6	221
307.3	222
308.0	218
308.7	192
309.4	223
310.1	190
310.8	168
311.5	202
312.2	180
313.0	228
313.7	205
314.4	193
315.1	199
315.8	210
316.5	249
317.2	183
317.9	186
318.6	172
319.3	191
320.0	206
320.8	206
321.5	177
322.2	201
322.9	170
323.6	163
324.3	204
325.0	167
325.7	178
326.4	185
327.1	186
327.9	186
328.6	159
329.3	176
330.0	172
330.7	158
331.4	123
332.1	165
332.8	172
333.5	150
334.2	159
335.0	147
335.7	165
336.4	150
337.1	152
337.8	145
338.5	152
339.2	115
339.9	168
340.6	151
341.3	181
342.0	116
342.8	134
343.5	143
344.2	134
344.9	136
345.6	105
346.3	135
347.0	142
347.7	129
348.4	132
349.1	123
349.9	123
350.6	128
351.3	114
352.0	126
352.7	118
353.4	125
354.1	121
354.8	120
355.5	98
356.2	126
357.0	112
357.7	100
358.4	107
359.1	98
359.8	100
360.5	119
361.2	99
361.9	137
362.6	107
363.3	103
364.0	86
364.8	81
365.5	93
366.2	95
366.9	97
367.6	107
368.3	81
369.0	81
369.7	97
370.4	88
371.1	91
371.9	95
372.6	84
373.3	55
374.0	80
374.7	79
375.4	93
376.1	62
376.8	73
377.5	77
378.2	75
379.0	82
379.7	64
380.4	47
381.1	69
381.8	84
382.5	76
383.2	65
383.9	64
384.6	66
385.3	71
386.0	53
386.8	69
387.5	50
388.2	66
388.9	60
389.6	56
390.3	45
391.0	62
391.7	53
392.4	61
393.1	47
393.9	45
394.6	44
395.3	61
396.0	59
396.7	35
397.4	46
398.1	63
398.8	30
399.5	36
400.2	34
401.0	39
401.7	43
402.4	36
403.1	35
403.8	51
404.5	48
405.2	38
405.9	38
406.6	31
407.3	35
408.0	26
408.8	25
409.5	33
410.2	31
410.9	34
411.6	30
412.3	25
413.0	33
413.7	24
414.4	33
415.1	26
415.9	30
416.6	20
417.3	27
418.0	16
418.7	20
419.4	19
420.1	23
420.8	18
421.5	25
422.2	17
423.0	15
423.7	16
424.4	23
425.1	26
425.8	23
426.5	21
427.2	24
427.9	20
428.6	18
429.3	17
430.0	14
430.8	15
431.5	20
432.2	22
432.9	19
433.6	24
434.3	24
435.0	20
435.7	15
436.4	17
437.1	14
437.9	14
438.6	12
439.3	18
440.0	10
440.7	13
441.4	15
442.1	14
442.8	17
443.5	14
444.2	14
445.0	14
445.7	19
446.4	10
447.1	15
447.8	16
448.5	12
449.2	13
449.9	13
450.6	12
451.3	12
452.0	12
452.8	11
453.5	7
454.2	7
454.9	14
455.6	4
456.3	18
457.0	8
457.7	5
458.4	13
459.1	12
459.9	7
460.6	5
461.3	12
462.0	4
462.7	12
463.4	10
464.1	4
464.8	6
465.5	6
466.2	6
466.9	4
467.7	10
468.4	12
469.1	8
469.8	6
470.5	8
471.2	8
471.9	14
472.6	8
473.3	10
474.0	8
474.8	5
475.5	3
476.2	6
476.9	8
477.6	10
478.3	7
479.0	6
479.7	6
480.4	9
481.1	10
481.9	8
482.6	9
483.3	9
484.0	8
484.7	7
485.4	6
486.1	6
486.8	11
487.5	6
488.2	7
488.9	9
489.7	2
490.4	12
491.1	5
491.8	2
492.5	7
493.2	7
493.9	7
494.6	2
495.3	8
496.0	4
496.8	3
497.5	8
498.2	5
498.9	4
499.6	5
500.3	3
501.0	7
501.7	5
502.4	5
503.1	4
503.9	9
504.6	3
505.3	5
506.0	6
506.7	2
507.4	3
508.1	1
508.8	4
509.5	7
510.2	5
510.9	5
511.7	3
512.4	4
513.1	2
513.8	3
514.5	2
515.2	2
515.9	2
516.6	2
517.3	4
518.0	1
518.8	4
519.5	2
520.2	2
520.9	2
521.6	5
522.3	2
523.0	2
523.7	2
524.4	2
525.1	5
525.9	1
526.6	4
527.3	1
528.0	3
528.7	5
529.4	2
530.1	2
530.8	2
531.5	5
532.2	4
532.9	4
533.7	0
534.4	6
535.1	2
535.8	2
536.5	4
537.2	2
537.9	2
538.6	4
539.3	3
540.0	7
540.8	1
541.5	2
542.2	2
542.9	4
543.6	2
544.3	1
545.0	1
545.7	2
546.4	5
547.1	1
547.9	3
548.6	1
549.3	2
550.0	5
550.7	1
551.4	1
552.1	4
552.8	0
553.5	0
554.2	2
554.9	0
555.7	1
556.4	4
557.1	0
557.8	1
558.5	1
559.2	2
559.9	1
560.6	0
561.3	0
562.0	1
562.8	1
563.5	5
564.2	3
564.9	2
565.6	0
566.3	0
567.0	3
567.7	1
568.4	1
569.1	2
569.9	0
570.6	1
571.3	0
572.0	1
572.7	4
573.4	1
574.1	1
574.8	0
575.5	0
576.2	0
576.9	1
577.7	0
578.4	1
579.1	4
579.8	1
580.5	1
581.2	0
581.9	0
582.6	3
583.3	2
584.0	0
584.8	2
585.5	1
586.2	2
586.9	0
587.6	0
588.3	0
589.0	2
589.7	0
590.4	0
591.1	1
591.9	1
592.6	2
593.3	0
594.0	2
594.7	1
595.4	0
596.1	0
596.8	1
597.5	0
598.2	1
598.9	0
599.7	2
600.4	0
601.1	0
601.8	0
602.5	0
603.2	0
603.9	1
604.6	1
605.3	2
606.0	0
606.8	2
607.5	2
608.2	0
608.9	0
609.6	0
610.3	0
611.0	0
611.7	0
612.4	0
613.1	0
613.9	0
614.6	0
615.3	1
616.0	1
616.7	0
617.4	0
618.1	1
618.8	0
619.5	1
620.2	1
620.9	0
621.7	0
622.4	1
623.1	0
623.8	0
624.5	0
625.2	1
625.9	1
626.6	0
627.3	3
628.0	0
628.8	0
629.5	1
630.2	0
630.9	0
631.6	0
632.3	0
633.0	0
633.7	0
634.4	1
635.1	0
635.9	1
636.6	0
637.3	0
638.0	0
638.7	0
639.4	0
640.1	0
640.8	0
641.5	0
642.2	0
642.9	0
643.7	0
644.4	0
645.1	0
645.8	0
646.5	0
647.2	0
647.9	0
648.6	1
649.3	0
650.0	0
650.8	0
651.5	0
652.2	0
652.9	0
653.6	0
654.3	0
655.0	0
655.7	1
656.4	0
657.1	1
657.8	0
658.6	0
659.3	1
660.0	0
660.7	0
661.4	0
662.1	0
662.8	0
663.5	0
664.2	0
664.9	0
665.7	0
666.4	1
667.1	0
667.8	0
668.5	0
669.2	0
669.9	1
670.6	0
671.3	0
672.0	0
672.8	0
673.5	1
674.2	0
674.9	0
675.6	0
676.3	0
677.0	0
677.7	1
678.4	0
679.1	0
679.8	0
680.6	0
681.3	0
682.0	0
682.7	0
683.4	0
684.1	0
684.8	0
685.5	0
686.2	0
686.9	0
687.7	0
688.4	0
689.1	0
689.8	0
690.5	0
691.2	0
691.9	0
692.6	0
693.3	0
694.0	0
694.8	0
695.5	0
696.2	0
696.9	0
697.6	0
698.3	0
699.0	0
699.7	0
700.4	0
701.1	0
701.8	0
702.6	0
703.3	0
704.0	0
704.7	0
705.4	0
706.1	0
706.8	0
707.5	0
708.2	0
708.9	0
709.7	0
710.4	0
711.1	0
711.8	0
712.5	0
713.2	0
713.9	0
714.6	0
715.3	0
716.0	0
716.8	0
717.5	0
718.2	0
718.9	0
719.6	0
720.3	0
721.0	0
721.7	1
722.4	0
723.1	0
723.8	1
724.6	0
725.3	0
726.0	0
726.7	0
727.4	0
728.1	0
728.8	0
729.5	0
730.2	0
730.9	0
731.7	0
732.4	0
733.1	0
733.8	0
734.5	0
735.2	0
735.9	0
736.6	0
737.3	0
738.0	0
738.8	0
739.5	0
740.2	0
740.9	0
741.6	0
742.3	0
743.0	0
743.7	0
744.4	0
745.1	0
745.8	0
746.6	0
747.3	0
748.0	0
748.7	0
749.4	0
750.1	0
750.8	0
751.5	0
752.2	0
752.9	0
753.7	0
754.4	0
755.1	0
755.8	0
756.5	0
757.2	0
757.9	0
758.6	0
759.3	0
760.0	0
760.8	0
761.5	0
762.2	0
762.9	0
763.6	0
764.3	0
765.0	0
765.7	0
766.4	0
767.1	0
767.8	0
768.6	0
769.3	0
770.0	0
770.7	0
771.4	0
772.1	0
772.8	0
773.5	0
774.2	0
774.9	0
775.7	0
776.4	0
777.1	0
777.8	0
778.5	0
779.2	0
779.9	0
780.6	0
781.3	0
782.0	0
782.8	0
783.5	0
784.2	0
784.9	0
785.6	0
786.3	0
787.0	1
787.7	0
788.4	0
789.1	0
789.8	0
790.6	0
791.3	0
792.0	0
792.7	0
793.4	0
794.1	0
794.8	0
795.5	0
796.2	0
796.9	0
797.7	0
798.4	0
799.1	0
799.8	0
800.5	0
801.2	0
801.9	0
802.6	0
803.3	0
804.0	0
804.8	0
805.5	0
806.2	0
806.9	0
807.6	0
808.3	0
809.0	0
809.7	0
810.4	0
811.1	0
811.8	0
812.6	0
813.3	0
814.0	0
814.7	0
815.4	0
816.1	0
816.8	0
817.5	0
818.2	0
818.9	0
819.7	0
820.4	0
821.1	0
821.8	0
822.5	0
823.2	0
823.9	0
824.6	0
825.3	0
826.0	0
826.8	0
827.5	0
828.2	0
828.9	0
829.6	0
830.3	0
831.0	0
831.7	0
832.4	0
833.1	0
833.8	0
834.6	0
835.3	0
836.0	0
836.7	0
837.4	0
838.1	0
838.8	0
839.5	0
840.2	0
840.9	0
841.7	0
842.4	0
843.1	0
843.8	0
844.5	0
845.2	0
845.9	0
846.6	0
847.3	0
848.0	0
848.7	0
849.5	0
850.2	0
850.9	0
851.6	0
852.3	0
853.0	0
853.7	0
854.4	0
855.1	0
855.8	0
856.6	0
857.3	0
858.0	0
858.7	0
859.4	0
860.1	0
860.8	0
861.5	0
862.2	0
862.9	0
863.7	0
864.4	0
865.1	0
865.8	0
866.5	0
867.2	0
867.9	1
868.6	0
869.3	0
870.0	0
870.7	0
871.5	0
872.2	0
872.9	0
873.6	0
874.3	0
875.0	0
875.7	0
876.4	0
877.1	0
877.8	0
878.6	0
879.3	0
880.0	0
880.7	0
881.4	0
882.1	0
882.8	0
883.5	0
884.2	0
884.9	0
885.7	0
886.4	0
887.1	0
887.8	0
888.5	0
889.2	0
889.9	0
890.6	0
891.3	0
892.0	0
892.7	0
893.5	0
894.2	0
894.9	0
895.6	0
896.3	0
897.0	0
897.7	0
898.4	0
899.1	0
899.8	0
900.6	0
901.3	0
902.0	0
902.7	0
903.4	0
904.1	0
904.8	0
905.5	0
906.2	0
906.9	0
907.7	0
908.4	0
909.1	1
909.8	0
910.5	0
911.2	0
911.9	0
912.6	0
913.3	0
914.0	0
914.7	0
915.5	0
916.2	0
916.9	0
917.6	0
918.3	0
919.0	0
919.7	0
920.4	0
921.1	0
921.8	0
922.6	0
923.3	0
924.0	0
924.7	0
925.4	0
926.1	0
926.8	0
927.5	0
928.2	0
928.9	0
929.7	0
930.4	0
931.1	0
931.8	0
932.5	0
933.2	0
933.9	0
934.6	0
935.3	0
936.0	0
936.7	0
937.5	0
938.2	0
938.9	0
939.6	0
940.3	0
941.0	0
941.7	0
942.4	0
943.1	0
943.8	0
944.6	0
945.3	0
946.0	0
946.7	0
947.4	0
948.1	0
948.8	0
949.5	0
950.2	0
950.9	0
951.7	0
952.4	0
953.1	0
953.8	0
954.5	0
955.2	0
955.9	0
956.6	0
957.3	0
958.0	0
958.7	0
959.5	0
960.2	0
960.9	0
961.6	0
962.3	0
963.0	0
963.7	0
964.4	0
965.1	0
965.8	0
966.6	0
967.3	0
968.0	0
968.7	0
969.4	0
970.1	0
970.8	0
971.5	0
972.2	0
972.9	0
973.7	0
974.4	0
975.1	0
975.8	0
976.5	0
977.2	0
977.9	0
978.6	0
979.3	1
980.0	0
980.7	0
981.5	0
982.2	0
982.9	0
983.6	0
984.3	0
985.0	0
985.7	0
986.4	0
987.1	0
987.8	0
988.6	0
989.3	0
990.0	0
990.7	0
991.4	0
992.1	0
992.8	0
993.5	0
994.2	0
994.9	0
995.7	0
996.4	0
997.1	0
997.8	0
998.5	0
999.2	0
999.9	0
1000.6	0
1001.3	0
1002.0	0
1002.7	0
1003.5	0
1004.2	0
1004.9	0
1005.6	0
1006.3	0
1007.0	0
1007.7	0
1008.4	0
1009.1	0
1009.8	0
1010.6	0
1011.3	0
1012.0	0
1012.7	0
1013.4	0
1014.1	0
1014.8	0
1015.5	0
1016.2	0
1016.9	0
1017.6	0
1018.4	0
1019.1	0
1019.8	0
1020.5	0
1021.2	0
1021.9	0
1022.6	0
1023.3	0
1024.0	0
1024.7	0
1025.5	0
1026.2	0
1026.9	0
1027.6	0
1028.3	0
1029.0	0
1029.7	0
1030.4	0
1031.1	0
1031.8	0
1032.6	0
1033.3	0
1034.0	0
1034.7	0
1035.4	0
1036.1	0
1036.8	0
1037.5	0
1038.2	0
1038.9	0
1039.6	0
1040.4	0
1041.1	0
1041.8	0
1042.5	0
1043.2	0
1043.9	0
1044.6	0
1045.3	0
1046.0	0
1046.7	0
1047.5	0
1048.2	0
1048.9	0
1049.6	0
1050.3	0
1051.0	0
1051.7	0
1052.4	0
1053.1	0
1053.8	0
1054.6	0
1055.3	0
1056.0	0
1056.7	0
1057.4	0
1058.1	0
1058.8	0
1059.5	0
1060.2	0
1060.9	0
1061.6	0
1062.4	0
1063.1	0
1063.8	0
1064.5	0
1065.2	0
1065.9	0
1066.6	0
1067.3	0
1068.0	0
1068.7	0
1069.5	0
1070.2	0
1070.9	0
1071.6	0
1072.3	0
1073.0	0
1073.7	0
1074.4	0
1075.1	0
1075.8	0
1076.6	0
1077.3	0
1078.0	0
1078.7	0
1079.4	0
1080.1	0
1080.8	0
1081.5	0
1082.2	0
1082.9	0
1083.6	0
1084.4	0
1085.1	0
1085.8	0
1086.5	0
1087.2	0
1087.9	0
1088.6	0
1089.3	0
1090.0	0
1090.7	0
1091.5	0
1092.2	0
1092.9	0
1093.6	0
1094.3	0
1095.0	0
1095.7	0
1096.4	0
1097.1	0
1097.8	0
1098.6	0
1099.3	0
1100.0	0
1100.7	0
1101.4	0
1102.1	0
1102.8	0
1103.5	0
1104.2	0
1104.9	0
1105.6	0
1106.4	0
1107.1	0
1107.8	0
1108.5	0
1109.2	0
1109.9	0
1110.6	0
1111.3	0
1112.0	0
1112.7	0
1113.5	0
1114.2	0
1114.9	0
1115.6	0
1116.3	0
1117.0	0
1117.7	0
1118.4	0
1119.1	0
1119.8	0
1120.6	0
1121.3	0
1122.0	0
1122.7	0
1123.4	0
1124.1	0
1124.8	0
1125.5	0
1126.2	0
1126.9	0
1127.6	0
1128.4	0
1129.1	0
1129.8	0
1130.5	0
1131.2	0
1131.9	0
1132.6	0
1133.3	0
1134.0	0
1134.7	0
1135.5	0
1136.2	0
1136.9	0
1137.6	0
1138.3	0
1139.0	0
1139.7	0
1140.4	0
1141.1	0
1141.8	0
1142.6	0
1143.3	0
1144.0	0
1144.7	0
1145.4	0
1146.1	0
1146.8	0
1147.5	0
1148.2	0
1148.9	0
1149.6	0
1150.4	0
1151.1	0
1151.8	0
1152.5	0
1153.2	0
1153.9	0
1154.6	0
1155.3	0
1156.0	0
1156.7	0
1157.5	0
1158.2	0
1158.9	0
1159.6	0
1160.3	0
1161.0	0
1161.7	0
1162.4	0
1163.1	0
1163.8	0
1164.6	0
1165.3	0
1166.0	0
1166.7	0
1167.4	0
1168.1	0
1168.8	0
1169.5	0
1170.2	0
1170.9	0
1171.6	0
1172.4	0
1173.1	0
1173.8	0
1174.5	0
1175.2	0
1175.9	0
1176.6	0
1177.3	0
1178.0	0
1178.7	0
1179.5	0
1180.2	0
1180.9	0
1181.6	0
1182.3	0
1183.0	0
1183.7	0
1184.4	0
1185.1	0
1185.8	0
1186.6	0
1187.3	0
1188.0	0
1188.7	0
1189.4	0
1190.1	0
1190.8	0
1191.5	0
1192.2	0
1192.9	0
1193.6	0
1194.4	0
1195.1	0
1195.8	0
1196.5	0
1197.2	0
1197.9	0
1198.6	0
1199.3	0
1200.0	0
1200.7	0
1201.5	0
1202.2	0
1202.9	0
1203.6	0
1204.3	0
1205.0	0
1205.7	0
1206.4	0
1207.1	0
1207.8	0
1208.5	0
1209.3	0
1210.0	0
1210.7	0
1211.4	0
1212.1	0
1212.8	0
1213.5	0
1214.2	0
1214.9	0
1215.6	0
1216.4	0
1217.1	0
1217.8	0
1218.5	0
1219.2	0
1219.9	0
1220.6	0
1221.3	0
1222.0	0
1222.7	0
1223.5	0
1224.2	0
1224.9	0
1225.6	0
1226.3	0
1227.0	0
1227.7	0
1228.4	0
1229.1	0
1229.8	0
1230.5	0
1231.3	0
1232.0	0
1232.7	0
1233.4	0
1234.1	0
1234.8	0
1235.5	0
1236.2	0
1236.9	0
1237.6	0
1238.4	0
1239.1	0
1239.8	0
1240.5	0
1241.2	0
1241.9	0
1242.6	0
1243.3	0
1244.0	0
1244.7	0
1245.5	0
1246.2	0
1246.9	0
1247.6	0
1248.3	0
1249.0	0
1249.7	0
1250.4	0
1251.1	0
1251.8	0
1252.5	0
1253.3	0
1254.0	0
1254.7	0
1255.4	0
1256.1	0
1256.8	0
1257.5	0
1258.2	0
1258.9	0
1259.6	0
1260.4	0
1261.1	0
1261.8	0
1262.5	0
1263.2	0
1263.9	0
1264.6	0
1265.3	0
1266.0	0
1266.7	0
1267.5	0
1268.2	0
1268.9	0
1269.6	0
1270.3	0
1271.0	0
1271.7	0
1272.4	0
1273.1	0
1273.8	0
1274.5	0
1275.3	0
1276.0	0
1276.7	0
1277.4	0
1278.1	0
1278.8	0
1279.5	0
1280.2	0
1280.9	0
1281.6	0
1282.4	0
1283.1	0
1283.8	0
1284.5	0
1285.2	0
1285.9	0
1286.6	0
1287.3	0
1288.0	0
1288.7	0
1289.5	0
1290.2	0
1290.9	0
1291.6	0
1292.3	0
1293.0	0
1293.7	0
1294.4	0
1295.1	0
1295.8	0
1296.5	0
1297.3	0
1298.0	0
1298.7	0
1299.4	0
1300.1	0
1300.8	0
1301.5	0
1302.2	0
1302.9	0
1303.6	0
1304.4	0
1305.1	0
1305.8	0
1306.5	0
1307.2	0
1307.9	0
1308.6	0
1309.3	0
1310.0	0
1310.7	0
1311.5	0
1312.2	0
1312.9	0
1313.6	0
1314.3	0
1315.0	0
1315.7	0
1316.4	0
1317.1	0
1317.8	0
1318.5	0
1319.3	0
1320.0	0
1320.7	0
1321.4	0
1322.1	0
1322.8	0
1323.5	0
1324.2	0
1324.9	0
1325.6	0
1326.4	0
1327.1	0
1327.8	0
1328.5	0
1329.2	0
1329.9	0
1330.6	0
1331.3	0
1332.0	0
1332.7	0
1333.5	0
1334.2	0
1334.9	0
1335.6	0
1336.3	0
1337.0	0
1337.7	0
1338.4	0
1339.1	0
1339.8	0
1340.5	0
1341.3	0
1342.0	0
1342.7	0
1343.4	0
1344.1	0
1344.8	0
1345.5	0
1346.2	0
1346.9	0
1347.6	0
1348.4	0
1349.1	0
1349.8	0
1350.5	0
1351.2	0
1351.9	0
1352.6	0
1353.3	0
1354.0	0
1354.7	0
1355.5	0
1356.2	0
1356.9	0
1357.6	0
1358.3	0
1359.0	0
1359.7	0
1360.4	0
1361.1	0
1361.8	0
1362.5	0
1363.3	0
1364.0	0
1364.7	0
1365.4	0
1366.1	0
1366.8	0
1367.5	0
1368.2	0
1368.9	0
1369.6	0
1370.4	0
1371.1	0
1371.8	0
1372.5	0
1373.2	0
1373.9	0
1374.6	0
1375.3	0
1376.0	0
1376.7	0
1377.4	0
1378.2	0
1378.9	0
1379.6	0
1380.3	0
1381.0	0
1381.7	0
1382.4	0
1383.1	0
1383.8	0
1384.5	0
1385.3	0
1386.0	0
1386.7	0
1387.4	0
1388.1	0
1388.8	0
1389.5	0
1390.2	0
1390.9	0
1391.6	0
1392.4	0
1393.1	0
1393.8	0
1394.5	0
1395.2	0
1395.9	0
1396.6	0
1397.3	0
1398.0	0
1398.7	0
1399.4	0
1400.2	0
1400.9	0
1401.6	0
1402.3	0
1403.0	0
1403.7	0
1404.4	0
1405.1	0
1405.8	0
1406.5	0
1407.3	0
1408.0	0
1408.7	0
1409.4	0
1410.1	0
1410.8	0
1411.5	0
1412.2	0
1412.9	0
1413.6	0
1414.4	0
1415.1	0
1415.8	0
1416.5	0
1417.2	0
1417.9	0
1418.6	0
1419.3	0
1420.0	0
1420.7	0
1421.4	0
1422.2	0
1422.9	0
1423.6	0
1424.3	0
1425.0	0
1425.7	0
1426.4	0
1427.1	0
1427.8	0
1428.5	0
1429.3	0
1430.0	0
1430.7	0
1431.4	0
1432.1	0
1432.8	0
1433.5	0
1434.2	0
1434.9	0
1435.6	0
1436.4	0
1437.1	0
1437.8	0
1438.5	0
1439.2	0
1439.9	0
1440.6	0
1441.3	0
1442.0	0
1442.7	0
1443.4	0
1444.2	0
1444.9	0
1445.6	0
1446.3	0
1447.0	0
1447.7	0
1448.4	0
1449.1	0
1449.8	0
1450.5	0
1451.3	0
1452.0	0
1452.7	0
1453.4	0
1454.1	0
1454.8	0
1455.5	0
1456.2	0
1456.9	0
1457.6	0
1458.4	0
1459.1	0
1459.8	0
1460.5	0
1461.2	0
1461.9	0
1462.6	0
1463.3	0
1464.0	0
1464.7	0
1465.4	0
1466.2	0
1466.9	0
1467.6	0
1468.3	0
1469.0	0
1469.7	0
1470.4	0
1471.1	0
1471.8	0
1472.5	0
1473.3	0
1474.0	0
1474.7	0
1475.4	0
1476.1	0
1476.8	0
1477.5	0
1478.2	0
1478.9	0
1479.6	0
1480.4	0
1481.1	0
1481.8	0
1482.5	0
1483.2	0
1483.9	0
1484.6	0
1485.3	0
1486.0	0
1486.7	0
1487.4	0
1488.2	0
1488.9	0
1489.6	0
1490.3	0
1491.0	0
1491.7	0
1492.4	0
1493.1	0
1493.8	0
1494.5	0
1495.3	0
1496.0	0
1496.7	0
1497.4	0
1498.1	0
1498.8	0
1499.5	0
1500.2	0
1500.9	0
1501.6	0
1502.4	0
1503.1	0
1503.8	0
1504.5	0
1505.2	0
1505.9	0
1506.6	0
1507.3	0
1508.0	0
1508.7	0
1509.4	0
1510.2	0
1510.9	0
1511.6	0
1512.3	0
1513.0	0
1513.7	0
1514.4	0
1515.1	0
1515.8	0
1516.5	0
1517.3	0
1518.0	0
1518.7	0
1519.4	0
1520.1	0
1520.8	0
1521.5	0
1522.2	0
1522.9	0
1523.6	0
1524.4	0
1525.1	0
1525.8	0
1526.5	0
1527.2	0
1527.9	0
1528.6	0
1529.3	0
1530.0	0
1530.7	0
1531.4	0
1532.2	0
1532.9	0
1533.6	0
1534.3	0
1535.0	0
1535.7	0
1536.4	0
1537.1	0
1537.8	0
1538.5	0
1539.3	0
1540.0	0
1540.7	0
1541.4	0
1542.1	0
1542.8	0
1543.5	0
1544.2	0
1544.9	0
1545.6	0
1546.4	0
1547.1	0
1547.8	0
1548.5	0
1549.2	0
1549.9	0
1550.6	0
1551.3	0
1552.0	0
1552.7	0
1553.4	0
1554.2	0
1554.9	0
1555.6	0
1556.3	0
1557.0	0
1557.7	0
1558.4	0
1559.1	0
1559.8	0
1560.5	0
1561.3	0
1562.0	0
1562.7	0
1563.4	0
1564.1	0
1564.8	0
1565.5	0
1566.2	0
1566.9	0
1567.6	0
1568.3	0
1569.1	0
1569.8	0
1570.5	0
1571.2	0
1571.9	0
1572.6	0
1573.3	0
1574.0	0
1574.7	0
1575.4	0
1576.2	0
1576.9	0
1577.6	0
1578.3	0
1579.0	0
1579.7	0
1580.4	0
1581.1	0
1581.8	0
1582.5	0
1583.3	0
1584.0	0
1584.7	0
1585.4	0
1586.1	0
1586.8	0
1587.5	0
1588.2	0
1588.9	0
1589.6	0
1590.3	0
1591.1	0
1591.8	0
1592.5	0
1593.2	0
1593.9	0
1594.6	0
1595.3	0
1596.0	0
1596.7	0
1597.4	0
1598.2	0
1598.9	0
1599.6	0
1600.3	0
1601.0	0
1601.7	0
1602.4	0
1603.1	0
1603.8	0
1604.5	0
1605.3	0
1606.0	0
1606.7	0
1607.4	0
1608.1	0
1608.8	0
1609.5	0
1610.2	0
1610.9	0
1611.6	0
1612.3	0
1613.1	0
1613.8	0
1614.5	0
1615.2	0
1615.9	0
1616.6	0
1617.3	0
1618.0	0
1618.7	0
1619.4	0
1620.2	0
1620.9	0
1621.6	0
1622.3	0
1623.0	0
1623.7	0
1624.4	0
1625.1	0
1625.8	0
1626.5	0
1627.3	0
1628.0	0
1628.7	0
1629.4	0
1630.1	0
1630.8	0
1631.5	0
1632.2	0
1632.9	0
1633.6	0
1634.3	0
1635.1	0
1635.8	0
1636.5	0
1637.2	0
1637.9	0
1638.6	0
1639.3	0
1640.0	0
1640.7	0
1641.4	0
1642.2	0
1642.9	0
1643.6	0
1644.3	0
1645.0	0
1645.7	0
1646.4	0
1647.1	0
1647.8	0
1648.5	0
1649.3	0
1650.0	0
1650.7	0
1651.4	0
1652.1	0
1652.8	0
1653.5	0
1654.2	0
1654.9	0
1655.6	0
1656.3	0
1657.1	0
1657.8	0
1658.5	0
1659.2	0
1659.9	0
1660.6	0
1661.3	0
1662.0	0
1662.7	0
1663.4	0
1664.2	0
1664.9	0
1665.6	0
1666.3	0
1667.0	0
1667.7	0
1668.4	0
1669.1	0
1669.8	0
1670.5	0
1671.3	0
1672.0	0
1672.7	0
1673.4	0
1674.1	0
1674.8	1
1675.5	0
1676.2	0
1676.9	0
1677.6	0
1678.3	0
1679.1	0
1679.8	0
1680.5	0
1681.2	0
1681.9	0
1682.6	0
1683.3	0
1684.0	0
1684.7	0
1685.4	0
1686.2	0
1686.9	0
1687.6	0
1688.3	0
1689.0	0
1689.7	0
1690.4	0
1691.1	0
1691.8	0
1692.5	0
1693.3	0
1694.0	0
1694.7	0
1695.4	0
1696.1	0
1696.8	0
1697.5	0
1698.2	0
1698.9	0
1699.6	0
1700.3	0
1701.1	0
1701.8	0
1702.5	0
1703.2	0
1703.9	0
1704.6	0
1705.3	0
1706.0	0
1706.7	0
1707.4	0
1708.2	0
1708.9	0
1709.6	0
1710.3	0
1711.0	0
1711.7	0
1712.4	0
1713.1	0
1713.8	0
1714.5	0
1715.3	0
1716.0	0
1716.7	0
1717.4	0
1718.1	0
1718.8	0
1719.5	0
1720.2	0
1720.9	0
1721.6	0
1722.3	0
1723.1	0
1723.8	0
1724.5	0
1725.2	0
1725.9	0
1726.6	0
1727.3	0
1728.0	0
1728.7	0
1729.4	0
1730.2	0
1730.9	0
1731.6	0
1732.3	0
1733.0	0
1733.7	0
1734.4	0
1735.1	0
1735.8	0
1736.5	0
1737.3	0
1738.0	0
1738.7	0
1739.4	0
1740.1	0
1740.8	0
1741.5	0
1742.2	0
1742.9	0
1743.6	0
1744.3	0
1745.1	0
1745.8	0
1746.5	0
1747.2	0
1747.9	0
1748.6	0
1749.3	0
1750.0	0
1750.7	0
1751.4	0
1752.2	0
1752.9	0
1753.6	0
1754.3	0
1755.0	0
1755.7	0
1756.4	0
1757.1	0
1757.8	0
1758.5	0
1759.2	0
1760.0	0
1760.7	0
1761.4	0
1762.1	0
1762.8	0
1763.5	0
1764.2	0
1764.9	0
1765.6	0
1766.3	0
1767.1	0
1767.8	0
1768.5	0
1769.2	0
1769.9	0
1770.6	0
1771.3	0
1772.0	0
1772.7	0
1773.4	0
1774.2	0
1774.9	0
1775.6	0
1776.3	0
1777.0	0
1777.7	0
1778.4	0
1779.1	0
1779.8	0
1780.5	0
1781.2	0
1782.0	0
1782.7	0
1783.4	0
1784.1	0
1784.8	0
1785.5	0
1786.2	0
1786.9	0
1787.6	0
1788.3	0
1789.1	0
1789.8	0
1790.5	0
1791.2	0
1791.9	0
1792.6	0
1793.3	0
1794.0	0
1794.7	0
1795.4	0
1796.2	0
1796.9	0
1797.6	0
1798.3	0
1799.0	0
1799.7	0
1800.4	0
1801.1	0
1801.8	0
1802.5	0
1803.2	0
1804.0	0
1804.7	0
1805.4	0
1806.1	0
1806.8	0
1807.5	0
1808.2	0
1808.9	0
1809.6	0
1810.3	0
1811.1	0
1811.8	0
1812.5	0
1813.2	0
1813.9	0
1814.6	0
1815.3	0
1816.0	0
1816.7	0
1817.4	0
1818.2	0
1818.9	0
1819.6	0
1820.3	0
1821.0	0
1821.7	0
1822.4	0
1823.1	0
1823.8	0
1824.5	0
1825.2	0
1826.0	0
1826.7	0
1827.4	0
1828.1	0
1828.8	0
1829.5	0
1830.2	0
1830.9	0
1831.6	0
1832.3	0
1833.1	0
1833.8	0
1834.5	0
1835.2	0
1835.9	0
1836.6	0
1837.3	0
1838.0	0
1838.7	0
1839.4	0
1840.2	0
1840.9	0
1841.6	0
1842.3	0
1843.0	0
1843.7	0
1844.4	0
1845.1	0
1845.8	0
1846.5	0
1847.2	0
1848.0	0
1848.7	0
1849.4	0
1850.1	0
1850.8	0
1851.5	0
1852.2	0
1852.9	0
1853.6	0
1854.3	0
1855.1	0
1855.8	0
1856.5	0
1857.2	0
1857.9	0
1858.6	0
1859.3	0
1860.0	0
1860.7	0
1861.4	0
1862.2	0
1862.9	0
1863.6	0
1864.3	0
1865.0	0
1865.7	0
1866.4	0
1867.1	0
1867.8	0
1868.5	0
1869.2	0
1870.0	0
1870.7	0
1871.4	0
1872.1	0
1872.8	0
1873.5	0
1874.2	0
1874.9	0
1875.6	0
1876.3	0
1877.1	0
1877.8	0
1878.5	0
1879.2	0
1879.9	0
1880.6	0
1881.3	0
1882.0	0
1882.7	0
1883.4	0
1884.2	0
1884.9	0
1885.6	0
1886.3	0
1887.0	0
1887.7	0
1888.4	0
1889.1	0
1889.8	0
1890.5	0
1891.2	0
1892.0	0
1892.7	0
1893.4	0
1894.1	0
1894.8	0
1895.5	0
1896.2	0
1896.9	0
1897.6	0
1898.3	0
1899.1	0
1899.8	0
1900.5	0
1901.2	0
1901.9	0
1902.6	0
1903.3	0
1904.0	0
1904.7	0
1905.4	0
1906.2	0
1906.9	0
1907.6	0
1908.3	0
1909.0	0
1909.7	0
1910.4	0
1911.1	0
1911.8	0
1912.5	0
1913.2	0
1914.0	0
1914.7	0
1915.4	0
1916.1	0
1916.8	0
1917.5	0
1918.2	0
1918.9	0
1919.6	0
1920.3	0
1921.1	0
1921.8	0
1922.5	0
1923.2	0
1923.9	0
1924.6	0
1925.3	0
1926.0	0
1926.7	0
1927.4	0
1928.1	0
1928.9	0
1929.6	0
1930.3	0
1931.0	0
1931.7	0
1932.4	0
1933.1	0
1933.8	0
1934.5	0
1935.2	0
1936.0	0
1936.7	0
1937.4	0
1938.1	0
1938.8	0
1939.5	0
1940.2	0
1940.9	0
1941.6	0
1942.3	0
1943.1	0
1943.8	0
1944.5	0
1945.2	0
1945.9	0
1946.6	0
1947.3	0
1948.0	0
1948.7	0
1949.4	0
1950.1	0
1950.9	0
1951.6	0
1952.3	0
1953.0	0
1953.7	0
1954.4	0
1955.1	0
1955.8	0
1956.5	0
1957.2	0
1958.0	0
1958.7	0
1959.4	0
1960.1	0
1960.8	0
1961.5	0
1962.2	0
1962.9	0
1963.6	0
1964.3	0
1965.1	0
1965.8	0
1966.5	0
1967.2	0
1967.9	0
1968.6	0
1969.3	0
1970.0	0
1970.7	0
1971.4	0
1972.1	0
1972.9	0
1973.6	0
1974.3	0
1975.0	0
1975.7	0
1976.4	0
1977.1	0
1977.8	0
1978.5	0
1979.2	0
1980.0	0
1980.7	0
1981.4	0
1982.1	0
1982.8	0
1983.5	0
1984.2	0
1984.9	0
1985.6	0
1986.3	0
1987.1	0
1987.8	0
1988.5	0
1989.2	0
1989.9	0
1990.6	0
1991.3	0
1992.0	0
1992.7	0
1993.4	0
1994.1	0
1994.9	0
1995.6	0
1996.3	0
1997.0	0
1997.7	0
1998.4	0
1999.1	0
1999.8	0
2000.5	0
2001.2	0
2002.0	0
2002.7	0
2003.4	0
2004.1	0
2004.8	0
2005.5	0
2006.2	0
2006.9	0
2007.6	0
2008.3	0
2009.1	0
2009.8	0
2010.5	0
2011.2	0
2011.9	0
2012.6	0
2013.3	0
2014.0	0
2014.7	0
2015.4	0
2016.1	0
2016.9	0
2017.6	0
2018.3	0
2019.0	0
2019.7	0
2020.4	0
2021.1	0
2021.8	0
2022.5	0
2023.2	0
2024.0	0
2024.7	0
2025.4	0
2026.1	0
2026.8	0
2027.5	0
2028.2	0
2028.9	0
2029.6	0
2030.3	0
2031.1	0
2031.8	0
2032.5	0
2033.2	0
2033.9	0
2034.6	0
2035.3	0
2036.0	0
2036.7	0
2037.4	0
2038.1	1
2038.9	0
2039.6	0
2040.3	0
2041.0	0
2041.7	0
2042.4	0
2043.1	0
2043.8	0
2044.5	0
2045.2	0
2046.0	0
2046.7	0
2047.4	0
2048.1	0
2048.8	0
2049.5	0
2050.2	0
2050.9	0
2051.6	0
2052.3	0
2053.1	0
2053.8	0
2054.5	0
2055.2	0
2055.9	0
2056.6	0
2057.3	0
2058.0	0
2058.7	0
2059.4	0
2060.1	0
2060.9	0
2061.6	0
2062.3	0
2063.0	0
2063.7	0
2064.4	0
2065.1	0
2065.8	0
2066.5	0
2067.2	0
2068.0	0
2068.7	0
2069.4	0
2070.1	0
2070.8	0
2071.5	0
2072.2	0
2072.9	0
2073.6	0
2074.3	0
2075.1	0
2075.8	0
2076.5	0
2077.2	0
2077.9	0
2078.6	0
2079.3	0
2080.0	0
2080.7	0
2081.4	0
2082.1	0
2082.9	0
2083.6	0
2084.3	0
2085.0	0
2085.7	0
2086.4	0
2087.1	0
2087.8	0
2088.5	0
2089.2	0
2090.0	0
2090.7	0
2091.4	0
2092.1	0
2092.8	0
2093.5	0
2094.2	0
2094.9	0
2095.6	0
2096.3	0
2097.1	0
2097.8	0
2098.5	0
2099.2	0
2099.9	0
2100.6	0
2101.3	0
2102.0	0
2102.7	0
2103.4	0
2104.1	0
2104.9	0
2105.6	0
2106.3	0
2107.0	0
2107.7	0
2108.4	0
2109.1	0
2109.8	0
2110.5	0
2111.2	0
2112.0	0
2112.7	0
2113.4	0
2114.1	0
2114.8	0
2115.5	0
2116.2	0
2116.9	0
2117.6	0
2118.3	0
2119.0	0
2119.8	0
2120.5	0
2121.2	0
2121.9	0
2122.6	0
2123.3	0
2124.0	0
2124.7	0
2125.4	0
2126.1	0
2126.9	0
2127.6	0
2128.3	0
2129.0	0
2129.7	0
2130.4	0
2131.1	0
2131.8	0
2132.5	0
2133.2	0
2134.0	0
2134.7	0
2135.4	0
2136.1	0
2136.8	0
2137.5	0
2138.2	0
2138.9	0
2139.6	0
2140.3	0
2141.0	0
2141.8	0
2142.5	0
2143.2	0
2143.9	0
2144.6	0
2145.3	0
2146.0	0
2146.7	0
2147.4	0
2148.1	0
2148.9	0
2149.6	0
2150.3	0
2151.0	0
2151.7	0
2152.4	0
2153.1	0
2153.8	0
2154.5	0
2155.2	0
2156.0	0
2156.7	0
2157.4	0
2158.1	0
2158.8	0
2159.5	0
2160.2	0
2160.9	0
2161.6	0
2162.3	0
2163.0	0
2163.8	0
2164.5	0
2165.2	0
2165.9	0
2166.6	0
2167.3	0
2168.0	0
2168.7	0
2169.4	0
2170.1	0
2170.9	0
2171.6	0
2172.3	0
2173.0	0
2173.7	0
2174.4	0
2175.1	0
2175.8	0
2176.5	0
2177.2	0
2178.0	0
2178.7	0
2179.4	0
2180.1	0
2180.8	0
2181.5	0
2182.2	0
2182.9	0
2183.6	0
2184.3	0
2185.0	0
2185.8	0
2186.5	0
2187.2	0
2187.9	0
2188.6	0
2189.3	0
2190.0	0
2190.7	0
2191.4	0
2192.1	0
2192.9	0
2193.6	0
2194.3	0
2195.0	0
2195.7	0
2196.4	0
2197.1	0
2197.8	0
2198.5	0
2199.2	0
2200.0	0
2200.7	0
2201.4	0
2202.1	0
2202.8	0
2203.5	0
2204.2	0
2204.9	0
2205.6	0
2206.3	0
2207.0	0
2207.8	0
2208.5	0
2209.2	0
2209.9	0
2210.6	0
2211.3	0
2212.0	0
2212.7	0
2213.4	0
2214.1	0
2214.9	0
2215.6	0
2216.3	0
2217.0	0
2217.7	0
2218.4	0
2219.1	0
2219.8	0
2220.5	0
2221.2	0
2222.0	0
2222.7	0
2223.4	0
2224.1	0
2224.8	0
2225.5	0
2226.2	0
2226.9	0
2227.6	0
2228.3	0
2229.0	0
2229.8	0
2230.5	0
2231.2	0
2231.9	0
2232.6	0
2233.3	0
2234.0	0
2234.7	0
2235.4	0
2236.1	0
2236.9	0
2237.6	0
2238.3	0
2239.0	0
2239.7	0
2240.4	0
2241.1	0
2241.8	0
2242.5	0
2243.2	0
2244.0	0
2244.7	0
2245.4	0
2246.1	0
2246.8	0
2247.5	0
2248.2	0
2248.9	0
2249.6	0
2250.3	0
2251.0	0
2251.8	0
2252.5	0
2253.2	0
2253.9	0
2254.6	0
2255.3	0
2256.0	0
2256.7	0
2257.4	0
2258.1	0
2258.9	0
2259.6	0
2260.3	0
2261.0	0
2261.7	0
2262.4	0
2263.1	0
2263.8	0
2264.5	0
2265.2	0
2266.0	0
2266.7	0
2267.4	0
2268.1	0
2268.8	0
2269.5	0
2270.2	0
2270.9	0
2271.6	0
2272.3	0
2273.0	0
2273.8	0
2274.5	0
2275.2	0
2275.9	0
2276.6	0
2277.3	0
2278.0	0
2278.7	0
2279.4	0
2280.1	0
2280.9	0
2281.6	0
2282.3	0
2283.0	0
2283.7	0
2284.4	0
2285.1	0
2285.8	0
2286.5	0
2287.2	0
2287.9	0
2288.7	0
2289.4	0
2290.1	0
2290.8	0
2291.5	0
2292.2	1
2292.9	0
2293.6	0
2294.3	0
2295.0	0
2295.8	0
2296.5	0
2297.2	0
2297.9	0
2298.6	0
2299.3	0
2300.0	0
2300.7	0
2301.4	0
2302.1	0
2302.9	0
2303.6	0
2304.3	0
2305.0	1
2305.7	0
2306.4	0
2307.1	0
2307.8	0
2308.5	0
2309.2	0
2309.9	0
2310.7	0
2311.4	0
2312.1	0
2312.8	0
2313.5	0
2314.2	0
2314.9	0
2315.6	0
2316.3	0
2317.0	0
2317.8	0
2318.5	0
2319.2	0
2319.9	0
2320.6	0
2321.3	0
2322.0	0
2322.7	0
2323.4	0
2324.1	0
2324.9	0
2325.6	0
2326.3	0
2327.0	0
2327.7	0
2328.4	0
2329.1	0
2329.8	0
2330.5	0
2331.2	0
2331.9	0
2332.7	0
2333.4	0
2334.1	0
2334.8	0
2335.5	0
2336.2	0
2336.9	0
2337.6	0
2338.3	0
2339.0	0
2339.8	0
2340.5	0
2341.2	0
2341.9	0
2342.6	0
2343.3	0
2344.0	0
2344.7	0
2345.4	0
2346.1	0
2346.9	0
2347.6	0
2348.3	0
2349.0	1
2349.7	0
2350.4	0
2351.1	0
2351.8	0
2352.5	0
2353.2	0
2353.9	0
2354.7	0
2355.4	0
2356.1	0
2356.8	0
2357.5	0
2358.2	0
2358.9	0
2359.6	0
2360.3	0
2361.0	0
2361.8	0
2362.5	0
2363.2	0
2363.9	0
2364.6	0
2365.3	0
2366.0	0
2366.7	0
2367.4	0
2368.1	0
2368.9	0
2369.6	0
2370.3	0
2371.0	0
2371.7	0
2372.4	0
2373.1	0
2373.8	1
2374.5	0
2375.2	0
2375.9	0
2376.7	0
2377.4	0
2378.1	0
2378.8	0
2379.5	0
2380.2	0
2380.9	0
2381.6	0
2382.3	0
2383.0	0
2383.8	0
2384.5	0
2385.2	0
2385.9	0
2386.6	0
2387.3	0
2388.0	0
2388.7	0
2389.4	0
2390.1	0
2390.9	0
2391.6	0
2392.3	0
2393.0	0
2393.7	0
2394.4	0
2395.1	0
2395.8	0
2396.5	0
2397.2	0
2397.9	0
2398.7	0
2399.4	0
2400.1	0
2400.8	0
2401.5	0
2402.2	0
2402.9	0
2403.6	0
2404.3	0
2405.0	0
2405.8	0
2406.5	0
2407.2	0
2407.9	0
2408.6	0
2409.3	0
2410.0	0
2410.7	0
2411.4	0
2412.1	0
2412.9	0
2413.6	0
2414.3	0
2415.0	0
2415.7	0
2416.4	0
2417.1	0
2417.8	0
2418.5	0
2419.2	0
2419.9	0
2420.7	0
2421.4	0
2422.1	1
2422.8	0
2423.5	0
2424.2	0
2424.9	0
2425.6	0
2426.3	0
2427.0	0
2427.8	0
2428.5	0
2429.2	0
2429.9	0
2430.6	0
2431.3	0
2432.0	0
2432.7	0
2433.4	0
2434.1	0
2434.9	0
2435.6	0
2436.3	0
2437.0	0
2437.7	0
2438.4	0
2439.1	0
2439.8	0
2440.5	0
2441.2	0
2441.9	0
2442.7	0
2443.4	0
2444.1	0
2444.8	0
2445.5	0
2446.2	0
2446.9	0
2447.6	0
2448.3	0
2449.0	0
2449.8	0
2450.5	0
2451.2	0
2451.9	0
2452.6	0
2453.3	0
2454.0	0
2454.7	0
2455.4	0
2456.1	0
2456.9	0
2457.6	0
2458.3	0
2459.0	0
2459.7	0
2460.4	0
2461.1	0
2461.8	0
2462.5	0
2463.2	0
2463.9	0
2464.7	0
2465.4	0
2466.1	0
2466.8	0
2467.5	0
2468.2	0
2468.9	0
2469.6	0
2470.3	0
2471.0	0
2471.8	0
2472.5	0
2473.2	0
2473.9	0
2474.6	0
2475.3	0
2476.0	0
2476.7	0
2477.4	0
2478.1	0
2478.8	0
2479.6	0
2480.3	0
2481.0	0
2481.7	0
2482.4	0
2483.1	0
2483.8	0
2484.5	0
2485.2	0
2485.9	0
2486.7	0
2487.4	0
2488.1	0
2488.8	0
2489.5	0
2490.2	0
2490.9	0
2491.6	0
2492.3	0
2493.0	0
2493.8	0
2494.5	0
2495.2	0
2495.9	0
2496.6	0
2497.3	0
2498.0	0
2498.7	0
2499.4	0
2500.1	0
2500.8	0
2501.6	0
2502.3	0
2503.0	0
2503.7	0
2504.4	0
2505.1	0
2505.8	0
2506.5	0
2507.2	0
2507.9	0
2508.7	0
2509.4	0
2510.1	0
2510.8	0
2511.5	0
2512.2	0
2512.9	0
2513.6	0
2514.3	0
2515.0	0
2515.8	0
2516.5	0
2517.2	0
2517.9	0
2518.6	0
2519.3	0
2520.0	0
2520.7	0
2521.4	0
2522.1	0
2522.8	0
2523.6	0
2524.3	0
2525.0	0
2525.7	0
2526.4	0
2527.1	0
2527.8	0
2528.5	0
2529.2	0
2529.9	0
2530.7	0
2531.4	0
2532.1	0
2532.8	0
2533.5	0
2534.2	0
2534.9	0
2535.6	0
2536.3	0
2537.0	0
2537.8	0
2538.5	0
2539.2	0
2539.9	0
2540.6	0
2541.3	0
2542.0	0
2542.7	0
2543.4	0
2544.1	0
2544.8	0
2545.6	0
2546.3	0
2547.0	0
2547.7	0
2548.4	0
2549.1	0
2549.8	0
2550.5	0
2551.2	0
2551.9	0
2552.7	0
2553.4	0
2554.1	0
2554.8	0
2555.5	0
2556.2	0
2556.9	0
2557.6	0
2558.3	0
2559.0	0
2559.8	0
2560.5	0
2561.2	0
2561.9	0
2562.6	0
2563.3	0
2564.0	0
2564.7	0
2565.4	0
2566.1	0
2566.8	0
2567.6	0
2568.3	0
2569.0	0
2569.7	0
2570.4	0
2571.1	0
2571.8	0
2572.5	0
2573.2	0
2573.9	0
2574.7	0
2575.4	0
2576.1	0
2576.8	0
2577.5	0
2578.2	0
2578.9	0
2579.6	0
2580.3	0
2581.0	0
2581.8	0
2582.5	0
2583.2	0
2583.9	0
2584.6	0
2585.3	0
2586.0	0
2586.7	0
2587.4	0
2588.1	0
2588.8	0
2589.6	0
2590.3	0
2591.0	0
2591.7	0
2592.4	0
2593.1	0
2593.8	0
2594.5	0
2595.2	0
2595.9	0
2596.7	0
2597.4	0
2598.1	0
2598.8	0
2599.5	0
2600.2	0
2600.9	0
2601.6	0
2602.3	0
2603.0	0
2603.8	0
2604.5	0
2605.2	0
2605.9	0
2606.6	0
2607.3	0
2608.0	0
2608.7	0
2609.4	0
2610.1	0
2610.8	0
2611.6	0
2612.3	0
2613.0	0
2613.7	0
2614.4	0
2615.1	0
2615.8	0
2616.5	0
2617.2	0
2617.9	0
2618.7	0
2619.4	0
2620.1	0
2620.8	0
2621.5	0
2622.2	0
2622.9	0
2623.6	0
2624.3	0
2625.0	0
2625.8	0
2626.5	0
2627.2	0
2627.9	0
2628.6	0
2629.3	0
2630.0	0
2630.7	1
2631.4	0
2632.1	0
2632.8	0
2633.6	0
2634.3	0
2635.0	0
2635.7	0
2636.4	0
2637.1	0
2637.8	0
2638.5	0
2639.2	0
2639.9	0
2640.7	0
2641.4	0
2642.1	0
2642.8	0
2643.5	0
2644.2	0
2644.9	0
2645.6	0
2646.3	0
2647.0	0
2647.8	0
2648.5	0
2649.2	0
2649.9	0
2650.6	0
2651.3	0
2652.0	0
2652.7	0
2653.4	0
2654.1	0
2654.8	0
2655.6	0
2656.3	0
2657.0	0
2657.7	0
2658.4	0
2659.1	0
2659.8	0
2660.5	0
2661.2	0
2661.9	0
2662.7	0
2663.4	0
2664.1	0
2664.8	0
2665.5	0
2666.2	0
2666.9	0
2667.6	0
2668.3	0
2669.0	0
2669.7	0
2670.5	0
2671.2	0
2671.9	0
2672.6	0
2673.3	0
2674.0	0
2674.7	0
2675.4	0
2676.1	0
2676.8	0
2677.6	0
2678.3	0
2679.0	0
2679.7	0
2680.4	0
2681.1	0
2681.8	0
2682.5	0
2683.2	0
2683.9	0
2684.7	0
2685.4	0
2686.1	0
2686.8	0
2687.5	0
2688.2	0
2688.9	0
2689.6	0
2690.3	0
2691.0	0
2691.7	0
2692.5	0
2693.2	0
2693.9	0
2694.6	0
2695.3	0
2696.0	0
2696.7	0
2697.4	0
2698.1	0
2698.8	0
2699.6	0
2700.3	0
2701.0	0
2701.7	0
2702.4	0
2703.1	0
2703.8	0
2704.5	0
2705.2	0
2705.9	0
2706.7	0
2707.4	0
2708.1	0
2708.8	0
2709.5	0
2710.2	0
2710.9	0
2711.6	0
2712.3	0
2713.0	0
2713.7	0
2714.5	0
2715.2	0
2715.9	0
2716.6	0
2717.3	0
2718.0	0
2718.7	0
2719.4	0
2720.1	0
2720.8	0
2721.6	0
2722.3	0
2723.0	0
2723.7	0
2724.4	0
2725.1	0
2725.8	0
2726.5	0
2727.2	0
2727.9	0
2728.7	0
2729.4	0
2730.1	0
2730.8	0
2731.5	0
2732.2	0
2732.9	0
2733.6	0
2734.3	0
2735.0	0
2735.7	0
2736.5	0
2737.2	0
2737.9	0
2738.6	0
2739.3	0
2740.0	0
2740.7	0
2741.4	0
2742.1	0
2742.8	0
2743.6	0
2744.3	0
2745.0	0
2745.7	0
2746.4	0
2747.1	0
2747.8	0
2748.5	0
2749.2	0
2749.9	0
2750.7	0
2751.4	0
2752.1	0
2752.8	0
2753.5	0
2754.2	0
2754.9	0
2755.6	0
2756.3	0
2757.0	0
2757.7	0
2758.5	0
2759.2	0
2759.9	0
2760.6	0
2761.3	0
2762.0	0
2762.7	0
2763.4	0
2764.1	0
2764.8	0
2765.6	0
2766.3	0
2767.0	0
2767.7	0
2768.4	0
2769.1	0
2769.8	0
2770.5	0
2771.2	0
2771.9	0
2772.7	0
2773.4	0
2774.1	0
2774.8	0
2775.5	0
2776.2	0
2776.9	0
2777.6	0
2778.3	0
2779.0	0
2779.7	0
2780.5	0
2781.2	0
2781.9	0
2782.6	0
2783.3	0
2784.0	0
2784.7	0
2785.4	0
2786.1	0
2786.8	0
2787.6	0
2788.3	0
2789.0	0
2789.7	0
2790.4	0
2791.1	0
2791.8	0
2792.5	0
2793.2	0
2793.9	0
2794.7	0
2795.4	0
2796.1	0
2796.8	0
2797.5	0
2798.2	0
2798.9	0
2799.6	0
2800.3	0
2801.0	0
2801.7	0
2802.5	0
2803.2	0
2803.9	0
2804.6	0
2805.3	0
2806.0	0
2806.7	0
2807.4	0
2808.1	0
2808.8	0
2809.6	0
2810.3	0
2811.0	0
2811.7	0
2812.4	0
2813.1	0
2813.8	0
2814.5	0
2815.2	0
2815.9	0
2816.7	0
2817.4	0
2818.1	0
2818.8	0
2819.5	0
2820.2	0
2820.9	0
2821.6	0
2822.3	0
2823.0	0
2823.7	0
2824.5	0
2825.2	0
2825.9	0
2826.6	0
2827.3	0
2828.0	0
2828.7	0
2829.4	0
2830.1	0
2830.8	0
2831.6	0
2832.3	0
2833.0	0
2833.7	0
2834.4	0
2835.1	0
2835.8	0
2836.5	0
2837.2	0
2837.9	0
2838.6	0
2839.4	0
2840.1	0
2840.8	0
2841.5	0
2842.2	0
2842.9	0
2843.6	0
2844.3	0
2845.0	0
2845.7	0
2846.5	0
2847.2	0
2847.9	0
2848.6	0
2849.3	0
