Energy	Impulses
E/keV	Impulses/#

10,6	0
11,3	0
12,1	0
12,8	0
13,5	0
14,2	0
14,9	0
15,6	0
16,3	0
17,0	0
17,7	0
18,4	1
19,2	2
19,9	7
20,6	10
21,3	19
22,0	14
22,7	3
23,4	7
24,1	5
24,8	25
25,5	976
26,2	2702
27,0	3523
27,7	3172
28,4	3136
29,1	3622
29,8	3075
30,5	3112
31,2	3108
31,9	2979
32,6	3322
33,3	2755
34,1	2610
34,8	2699
35,5	2345
36,2	2227
36,9	2684
37,6	2140
38,3	2068
39,0	2359
39,7	1988
40,4	2347
41,2	2113
41,9	1985
42,6	2179
43,3	2175
44,0	2257
44,7	1865
45,4	1998
46,1	1987
46,8	1731
47,5	1811
48,2	1963
49,0	1558
49,7	1755
50,4	1731
51,1	1539
51,8	1735
52,5	1412
53,2	1480
53,9	1533
54,6	1531
55,3	1431
56,1	1451
56,8	1401
57,5	1442
58,2	1303
58,9	1200
59,6	1461
60,3	1181
61,0	1296
61,7	1178
62,4	1080
63,2	1329
63,9	1258
64,6	1117
65,3	1213
66,0	1317
66,7	1099
67,4	1248
68,1	1175
68,8	1126
69,5	984
70,2	1104
71,0	1232
71,7	1040
72,4	1126
73,1	1077
73,8	983
74,5	1210
75,2	993
75,9	1027
76,6	1033
77,3	1067
78,1	1270
78,8	1021
79,5	1030
80,2	1066
80,9	1029
81,6	970
82,3	1164
83,0	951
83,7	975
84,4	1173
85,2	994
85,9	1123
86,6	1100
87,3	966
88,0	1090
88,7	1083
89,4	1091
90,1	1038
90,8	1093
91,5	1144
92,2	1088
93,0	1119
93,7	1288
94,4	1030
95,1	1180
95,8	1158
96,5	1064
97,2	1259
97,9	1065
98,6	1017
99,3	1116
100,1	1110
100,8	943
101,5	1101
102,2	877
102,9	943
103,6	766
104,3	671
105,0	790
105,7	637
106,4	604
107,1	556
107,9	478
108,6	539
109,3	439
110,0	402
110,7	369
111,4	384
112,1	349
112,8	315
113,5	298
114,2	325
115,0	264
115,7	281
116,4	267
117,1	235
117,8	249
118,5	225
119,2	195
119,9	270
120,6	229
121,3	259
122,1	291
122,8	309
123,5	393
124,2	423
124,9	449
125,6	564
126,3	588
127,0	719
127,7	1063
128,4	1020
129,1	1117
129,9	1593
130,6	1510
131,3	2021
132,0	2068
132,7	1963
133,4	2262
134,1	2477
134,8	2686
135,5	2302
136,2	2330
137,0	2392
137,7	1956
138,4	2040
139,1	2190
139,8	1690
140,5	1661
141,2	1492
141,9	1184
142,6	1206
143,3	973
144,1	820
144,8	760
145,5	652
146,2	644
146,9	492
147,6	462
148,3	423
149,0	405
149,7	358
150,4	378
151,1	295
151,9	308
152,6	267
153,3	260
154,0	297
154,7	254
155,4	197
156,1	229
156,8	228
157,5	179
158,2	204
159,0	175
159,7	167
160,4	139
161,1	158
161,8	149
162,5	129
163,2	149
163,9	131
164,6	130
165,3	145
166,1	121
166,8	126
167,5	122
168,2	116
168,9	130
169,6	108
170,3	107
171,0	123
171,7	95
172,4	92
173,1	113
173,9	87
174,6	85
175,3	83
176,0	95
176,7	82
177,4	97
178,1	81
178,8	96
179,5	95
180,2	92
181,0	70
181,7	87
182,4	89
183,1	70
183,8	67
184,5	92
185,2	78
185,9	95
186,6	78
187,3	56
188,1	70
188,8	63
189,5	60
190,2	79
190,9	62
191,6	50
192,3	73
193,0	55
193,7	65
194,4	59
195,1	64
195,9	55
196,6	51
197,3	55
198,0	48
198,7	42
199,4	65
200,1	44
200,8	43
201,5	51
202,2	52
203,0	47
203,7	44
204,4	40
205,1	43
205,8	42
206,5	50
207,2	47
207,9	43
208,6	56
209,3	39
210,1	42
210,8	48
211,5	38
212,2	30
212,9	32
213,6	34
214,3	30
215,0	46
215,7	35
216,4	38
217,1	35
217,9	37
218,6	35
219,3	34
220,0	34
220,7	37
221,4	34
222,1	46
222,8	35
223,5	28
224,2	30
225,0	44
225,7	32
226,4	39
227,1	29
227,8	31
228,5	26
229,2	36
229,9	42
230,6	27
231,3	38
232,1	27
232,8	23
233,5	40
234,2	27
234,9	20
235,6	32
236,3	30
237,0	15
237,7	26
238,4	20
239,1	18
239,9	22
240,6	21
241,3	23
242,0	17
242,7	20
243,4	26
244,1	14
244,8	13
245,5	18
246,2	15
247,0	21
247,7	19
248,4	17
249,1	18
249,8	9
250,5	15
251,2	11
251,9	17
252,6	17
253,3	9
254,1	13
254,8	10
255,5	13
256,2	20
256,9	18
257,6	18
258,3	18
259,0	16
259,7	18
260,4	11
261,1	12
261,9	6
262,6	6
263,3	7
264,0	14
264,7	15
265,4	14
266,1	10
266,8	6
267,5	12
268,2	8
269,0	7
269,7	11
270,4	15
271,1	10
271,8	10
272,5	8
273,2	13
273,9	12
274,6	8
275,3	8
276,1	4
276,8	9
277,5	13
278,2	6
278,9	6
279,6	7
280,3	8
281,0	8
281,7	11
282,4	12
283,1	7
283,9	12
284,6	10
285,3	9
286,0	8
286,7	5
287,4	1
288,1	5
288,8	11
289,5	5
290,2	9
291,0	2
291,7	8
292,4	4
293,1	8
293,8	4
294,5	8
295,2	8
295,9	6
296,6	10
297,3	3
298,0	11
298,8	4
299,5	8
300,2	7
300,9	8
301,6	8
302,3	5
303,0	3
303,7	5
304,4	4
305,1	3
305,9	9
306,6	7
307,3	6
308,0	7
308,7	2
309,4	3
310,1	4
310,8	5
311,5	6
312,2	5
313,0	7
313,7	6
314,4	4
315,1	5
315,8	10
316,5	2
317,2	2
317,9	3
318,6	3
319,3	3
320,0	6
320,8	4
321,5	2
322,2	5
322,9	4
323,6	7
324,3	7
325,0	4
325,7	3
326,4	2
327,1	3
327,9	10
328,6	4
329,3	6
330,0	8
330,7	5
331,4	5
332,1	8
332,8	1
333,5	3
334,2	2
335,0	2
335,7	2
336,4	3
337,1	1
337,8	1
338,5	8
339,2	9
339,9	5
340,6	1
341,3	10
342,0	6
342,8	2
343,5	3
344,2	7
344,9	6
345,6	5
346,3	3
347,0	6
347,7	4
348,4	3
349,1	4
349,9	3
350,6	7
351,3	2
352,0	3
352,7	4
353,4	4
354,1	4
354,8	7
355,5	1
356,2	0
357,0	2
357,7	1
358,4	6
359,1	0
359,8	2
360,5	2
361,2	2
361,9	5
362,6	1
363,3	2
364,0	4
364,8	5
365,5	1
366,2	4
366,9	1
367,6	2
368,3	4
369,0	3
369,7	3
370,4	3
371,1	4
371,9	1
372,6	2
373,3	1
374,0	2
374,7	2
375,4	3
376,1	1
376,8	2
377,5	4
378,2	3
379,0	2
379,7	2
380,4	3
381,1	4
381,8	1
382,5	4
383,2	2
383,9	2
384,6	5
385,3	1
386,0	4
386,8	4
387,5	1
388,2	3
388,9	0
389,6	2
390,3	2
391,0	3
391,7	3
392,4	5
393,1	2
393,9	2
394,6	1
395,3	1
396,0	0
396,7	0
397,4	3
398,1	3
398,8	6
399,5	1
400,2	3
401,0	5
401,7	1
402,4	4
403,1	6
403,8	4
404,5	3
405,2	3
405,9	4
406,6	4
407,3	1
408,0	2
408,8	2
409,5	3
410,2	1
410,9	2
411,6	1
412,3	1
413,0	0
413,7	4
414,4	0
415,1	3
415,9	3
416,6	2
417,3	0
418,0	1
418,7	3
419,4	1
420,1	0
420,8	2
421,5	0
422,2	0
423,0	2
423,7	0
424,4	1
425,1	3
425,8	1
426,5	1
427,2	1
427,9	3
428,6	1
429,3	1
430,0	0
430,8	2
431,5	0
432,2	1
432,9	0
433,6	1
434,3	3
435,0	1
435,7	1
436,4	0
437,1	2
437,9	0
438,6	0
439,3	0
440,0	0
440,7	0
441,4	1
442,1	1
442,8	1
443,5	2
444,2	1
445,0	0
445,7	0
446,4	0
447,1	0
447,8	0
448,5	2
449,2	0
449,9	2
450,6	1
451,3	1
452,0	0
452,8	2
453,5	0
454,2	0
454,9	1
455,6	1
456,3	0
457,0	0
457,7	1
458,4	1
459,1	1
459,9	1
460,6	0
461,3	2
462,0	1
462,7	0
463,4	1
464,1	0
464,8	0
465,5	0
466,2	1
466,9	0
467,7	2
468,4	0
469,1	0
469,8	1
470,5	1
471,2	1
471,9	1
472,6	0
473,3	1
474,0	0
474,8	0
475,5	0
476,2	3
476,9	1
477,6	0
478,3	0
479,0	0
479,7	0
480,4	0
481,1	0
481,9	0
482,6	1
483,3	2
484,0	0
484,7	0
485,4	0
486,1	1
486,8	2
487,5	0
488,2	1
488,9	1
489,7	0
490,4	0
491,1	1
491,8	0
492,5	0
493,2	0
493,9	0
494,6	0
495,3	0
496,0	1
496,8	0
497,5	1
498,2	1
498,9	0
499,6	0
500,3	0
501,0	0
501,7	1
502,4	0
503,1	0
503,9	0
504,6	0
505,3	0
506,0	1
506,7	0
507,4	0
508,1	0
508,8	0
509,5	0
510,2	0
510,9	0
511,7	0
512,4	1
513,1	0
513,8	1
514,5	0
515,2	0
515,9	0
516,6	1
517,3	0
518,0	0
518,8	0
519,5	0
520,2	0
520,9	0
521,6	2
522,3	0
523,0	0
523,7	0
524,4	0
525,1	1
525,9	1
526,6	1
527,3	0
528,0	0
528,7	1
529,4	0
530,1	0
530,8	0
531,5	1
532,2	0
532,9	1
533,7	0
534,4	0
535,1	0
535,8	0
536,5	1
537,2	0
537,9	0
538,6	1
539,3	0
540,0	0
540,8	0
541,5	0
542,2	0
542,9	0
543,6	2
544,3	1
545,0	0
545,7	0
546,4	0
547,1	0
547,9	0
548,6	0
549,3	1
550,0	0
550,7	0
551,4	0
552,1	0
552,8	0
553,5	0
554,2	0
554,9	0
555,7	1
556,4	0
557,1	0
557,8	0
558,5	1
559,2	1
559,9	0
560,6	0
561,3	0
562,0	0
562,8	0
563,5	0
564,2	0
564,9	0
565,6	1
566,3	0
567,0	0
567,7	0
568,4	0
569,1	0
569,9	1
570,6	0
571,3	2
572,0	0
572,7	0
573,4	0
574,1	0
574,8	0
575,5	0
576,2	0
576,9	0
577,7	0
578,4	0
579,1	0
579,8	0
580,5	0
581,2	0
581,9	0
582,6	0
583,3	0
584,0	0
584,8	0
585,5	0
586,2	0
586,9	0
587,6	0
588,3	0
589,0	0
589,7	0
590,4	0
591,1	0
591,9	0
592,6	0
593,3	0
594,0	0
594,7	0
595,4	1
596,1	0
596,8	0
597,5	0
598,2	0
598,9	0
599,7	0
600,4	0
601,1	0
601,8	0
602,5	0
603,2	0
603,9	0
604,6	0
605,3	0
606,0	0
606,8	0
607,5	0
608,2	0
608,9	0
609,6	1
610,3	0
611,0	0
611,7	0
612,4	0
613,1	0
613,9	0
614,6	0
615,3	0
616,0	0
616,7	1
617,4	0
618,1	1
618,8	0
619,5	0
620,2	0
620,9	0
621,7	0
622,4	0
623,1	0
623,8	0
624,5	0
625,2	0
625,9	0
626,6	0
627,3	0
628,0	1
628,8	0
629,5	0
630,2	0
630,9	0
631,6	0
632,3	0
633,0	0
633,7	0
634,4	0
635,1	0
635,9	0
636,6	0
637,3	0
638,0	0
638,7	1
639,4	0
640,1	0
640,8	0
641,5	0
642,2	0
642,9	0
643,7	0
644,4	0
645,1	0
645,8	0
646,5	0
647,2	0
647,9	1
648,6	0
649,3	0
650,0	0
650,8	0
651,5	0
652,2	0
652,9	0
653,6	0
654,3	0
655,0	0
655,7	0
656,4	0
657,1	0
657,8	0
658,6	0
659,3	0
660,0	0
660,7	0
661,4	0
662,1	0
662,8	0
663,5	0
664,2	0
664,9	0
665,7	0
666,4	0
667,1	0
667,8	0
668,5	0
669,2	0
669,9	0
670,6	0
671,3	0
672,0	0
672,8	0
673,5	0
674,2	0
674,9	0
675,6	0
676,3	0
677,0	0
677,7	0
678,4	0
679,1	0
679,8	0
680,6	0
681,3	0
682,0	0
682,7	0
683,4	0
684,1	0
684,8	0
685,5	0
686,2	0
686,9	0
687,7	0
688,4	0
689,1	0
689,8	0
690,5	0
691,2	0
691,9	0
692,6	0
693,3	0
694,0	0
694,8	0
695,5	0
696,2	0
696,9	0
697,6	0
698,3	0
699,0	0
699,7	0
700,4	0
701,1	0
701,8	0
702,6	0
703,3	0
704,0	0
704,7	0
705,4	1
706,1	0
706,8	0
707,5	0
708,2	0
708,9	0
709,7	0
710,4	0
711,1	0
711,8	0
712,5	0
713,2	0
713,9	0
714,6	0
715,3	0
716,0	0
716,8	0
717,5	0
718,2	1
718,9	0
719,6	0
720,3	0
721,0	0
721,7	0
722,4	1
723,1	0
723,8	0
724,6	0
725,3	0
726,0	0
726,7	0
727,4	0
728,1	0
728,8	0
729,5	0
730,2	0
730,9	0
731,7	0
732,4	0
733,1	0
733,8	0
734,5	0
735,2	0
735,9	0
736,6	0
737,3	0
738,0	0
738,8	0
739,5	0
740,2	0
740,9	0
741,6	0
742,3	0
743,0	0
743,7	0
744,4	0
745,1	0
745,8	0
746,6	0
747,3	0
748,0	0
748,7	0
749,4	0
750,1	1
750,8	0
751,5	0
752,2	0
752,9	0
753,7	0
754,4	0
755,1	0
755,8	0
756,5	0
757,2	0
757,9	0
758,6	0
759,3	0
760,0	0
760,8	0
761,5	0
762,2	0
762,9	0
763,6	0
764,3	0
765,0	0
765,7	0
766,4	0
767,1	1
767,8	0
768,6	0
769,3	0
770,0	0
770,7	0
771,4	1
772,1	0
772,8	0
773,5	1
774,2	0
774,9	0
775,7	0
776,4	0
777,1	0
777,8	0
778,5	0
779,2	0
779,9	0
780,6	0
781,3	0
782,0	0
782,8	0
783,5	0
784,2	0
784,9	0
785,6	0
786,3	0
787,0	0
787,7	0
788,4	0
789,1	0
789,8	0
790,6	0
791,3	0
792,0	0
792,7	0
793,4	0
794,1	0
794,8	0
795,5	0
796,2	0
796,9	0
797,7	0
798,4	0
799,1	0
799,8	0
800,5	0
801,2	0
801,9	0
802,6	0
803,3	0
804,0	0
804,8	0
805,5	0
806,2	0
806,9	0
807,6	1
808,3	0
809,0	0
809,7	0
810,4	0
811,1	0
811,8	0
812,6	0
813,3	0
814,0	0
814,7	0
815,4	0
816,1	0
816,8	0
817,5	0
818,2	0
818,9	0
819,7	0
820,4	0
821,1	0
821,8	0
822,5	0
823,2	0
823,9	0
824,6	0
825,3	0
826,0	0
826,8	0
827,5	0
828,2	0
828,9	0
829,6	0
830,3	0
831,0	0
831,7	0
832,4	0
833,1	0
833,8	0
834,6	0
835,3	0
836,0	0
836,7	0
837,4	0
838,1	0
838,8	0
839,5	0
840,2	0
840,9	0
841,7	0
842,4	0
843,1	0
843,8	0
844,5	0
845,2	0
845,9	0
846,6	0
847,3	0
848,0	0
848,7	0
849,5	0
850,2	0
850,9	0
851,6	0
852,3	0
853,0	0
853,7	0
854,4	0
855,1	1
855,8	0
856,6	0
857,3	0
858,0	0
858,7	1
859,4	0
860,1	0
860,8	0
861,5	0
862,2	0
862,9	0
863,7	0
864,4	0
865,1	0
865,8	0
866,5	0
867,2	0
867,9	0
868,6	0
869,3	0
870,0	0
870,7	0
871,5	0
872,2	0
872,9	0
873,6	0
874,3	0
875,0	0
875,7	0
876,4	0
877,1	0
877,8	0
878,6	0
879,3	0
880,0	0
880,7	0
881,4	0
882,1	0
882,8	1
883,5	0
884,2	0
884,9	0
885,7	0
886,4	0
887,1	0
887,8	0
888,5	0
889,2	0
889,9	0
890,6	0
891,3	0
892,0	0
892,7	0
893,5	0
894,2	1
894,9	0
895,6	0
896,3	0
897,0	0
897,7	0
898,4	0
899,1	0
899,8	0
900,6	0
901,3	0
902,0	0
902,7	0
903,4	0
904,1	0
904,8	0
905,5	0
906,2	0
906,9	0
907,7	0
908,4	0
909,1	0
909,8	0
910,5	0
911,2	0
911,9	0
912,6	0
913,3	0
914,0	0
914,7	0
915,5	0
916,2	0
916,9	0
917,6	0
918,3	0
919,0	0
919,7	0
920,4	0
921,1	0
921,8	0
922,6	0
923,3	0
924,0	0
924,7	0
925,4	0
926,1	0
926,8	1
927,5	0
928,2	0
928,9	1
929,7	0
930,4	0
931,1	1
931,8	0
932,5	0
933,2	0
933,9	0
934,6	0
935,3	0
936,0	0
936,7	0
937,5	0
938,2	0
938,9	0
939,6	0
940,3	0
941,0	0
941,7	0
942,4	0
943,1	0
943,8	0
944,6	0
945,3	0
946,0	1
946,7	0
947,4	0
948,1	0
948,8	0
949,5	0
950,2	0
950,9	0
951,7	0
952,4	0
953,1	0
953,8	0
954,5	0
955,2	0
955,9	0
956,6	0
957,3	0
958,0	0
958,7	1
959,5	0
960,2	0
960,9	0
961,6	0
962,3	0
963,0	0
963,7	0
964,4	0
965,1	0
965,8	0
966,6	0
967,3	0
968,0	0
968,7	0
969,4	0
970,1	0
970,8	0
971,5	0
972,2	0
972,9	0
973,7	0
974,4	0
975,1	0
975,8	0
976,5	0
977,2	0
977,9	0
978,6	0
979,3	0
980,0	0
980,7	1
981,5	0
982,2	0
982,9	0
983,6	0
984,3	0
985,0	1
985,7	0
986,4	0
987,1	0
987,8	0
988,6	0
989,3	0
990,0	0
990,7	0
991,4	0
992,1	0
992,8	0
993,5	0
994,2	0
994,9	0
995,7	0
996,4	0
997,1	0
997,8	0
998,5	0
999,2	0
999,9	0
1000,6	0
1001,3	0
1002,0	0
1002,7	0
1003,5	0
1004,2	0
1004,9	0
1005,6	0
1006,3	0
1007,0	0
1007,7	0
1008,4	0
1009,1	0
1009,8	0
1010,6	0
1011,3	0
1012,0	0
1012,7	0
1013,4	0
1014,1	0
1014,8	0
1015,5	0
1016,2	0
1016,9	0
1017,6	0
1018,4	0
1019,1	0
1019,8	0
1020,5	0
1021,2	0
1021,9	0
1022,6	0
1023,3	0
1024,0	0
1024,7	0
1025,5	0
1026,2	0
1026,9	0
1027,6	0
1028,3	0
1029,0	0
1029,7	0
1030,4	0
1031,1	0
1031,8	0
1032,6	0
1033,3	0
1034,0	0
1034,7	0
1035,4	0
1036,1	0
1036,8	0
1037,5	0
1038,2	0
1038,9	0
1039,6	0
1040,4	0
1041,1	0
1041,8	1
1042,5	0
1043,2	0
1043,9	0
1044,6	0
1045,3	0
1046,0	1
1046,7	0
1047,5	0
1048,2	0
1048,9	0
1049,6	0
1050,3	0
1051,0	0
1051,7	0
1052,4	0
1053,1	0
1053,8	0
1054,6	0
1055,3	0
1056,0	0
1056,7	0
1057,4	1
1058,1	0
1058,8	0
1059,5	0
1060,2	0
1060,9	0
1061,6	0
1062,4	0
1063,1	0
1063,8	0
1064,5	0
1065,2	0
1065,9	0
1066,6	0
1067,3	0
1068,0	0
1068,7	0
1069,5	0
1070,2	0
1070,9	0
1071,6	0
1072,3	0
1073,0	0
1073,7	0
1074,4	0
1075,1	0
1075,8	0
1076,6	0
1077,3	0
1078,0	0
1078,7	0
1079,4	2
1080,1	0
1080,8	0
1081,5	0
1082,2	1
1082,9	0
1083,6	0
1084,4	1
1085,1	0
1085,8	0
1086,5	0
1087,2	0
1087,9	0
1088,6	0
1089,3	0
1090,0	0
1090,7	0
1091,5	0
1092,2	0
1092,9	0
1093,6	0
1094,3	0
1095,0	0
1095,7	0
1096,4	0
1097,1	0
1097,8	0
1098,6	0
1099,3	0
1100,0	0
1100,7	0
1101,4	0
1102,1	0
1102,8	0
1103,5	0
1104,2	0
1104,9	0
1105,6	0
1106,4	0
1107,1	0
1107,8	0
1108,5	0
1109,2	0
1109,9	0
1110,6	0
1111,3	0
1112,0	0
1112,7	0
1113,5	0
1114,2	0
1114,9	0
1115,6	0
1116,3	0
1117,0	1
1117,7	0
1118,4	0
1119,1	0
1119,8	0
1120,6	0
1121,3	0
1122,0	0
1122,7	0
1123,4	0
1124,1	0
1124,8	0
1125,5	0
1126,2	0
1126,9	0
1127,6	0
1128,4	0
1129,1	0
1129,8	0
1130,5	0
1131,2	0
1131,9	0
1132,6	0
1133,3	0
1134,0	0
1134,7	0
1135,5	0
1136,2	0
1136,9	0
1137,6	0
1138,3	0
1139,0	0
1139,7	0
1140,4	0
1141,1	0
1141,8	0
1142,6	0
1143,3	0
1144,0	0
1144,7	0
1145,4	0
1146,1	0
1146,8	0
1147,5	0
1148,2	0
1148,9	0
1149,6	1
1150,4	0
1151,1	0
1151,8	0
1152,5	0
1153,2	0
1153,9	0
1154,6	0
1155,3	0
1156,0	0
1156,7	0
1157,5	0
1158,2	0
1158,9	0
1159,6	0
1160,3	0
1161,0	0
1161,7	0
1162,4	0
1163,1	0
1163,8	0
1164,6	0
1165,3	0
1166,0	0
1166,7	0
1167,4	0
1168,1	0
1168,8	0
1169,5	0
1170,2	0
1170,9	0
1171,6	0
1172,4	0
1173,1	0
1173,8	0
1174,5	0
1175,2	0
1175,9	0
1176,6	0
1177,3	0
1178,0	0
1178,7	0
1179,5	0
1180,2	0
1180,9	0
1181,6	1
1182,3	1
1183,0	0
1183,7	0
1184,4	0
1185,1	0
1185,8	0
1186,6	0
1187,3	0
1188,0	0
1188,7	0
1189,4	0
1190,1	0
1190,8	0
1191,5	0
1192,2	0
1192,9	0
1193,6	1
1194,4	0
1195,1	0
1195,8	0
1196,5	0
1197,2	0
1197,9	0
1198,6	0
1199,3	0
1200,0	0
1200,7	0
1201,5	0
1202,2	0
1202,9	0
1203,6	0
1204,3	1
1205,0	0
1205,7	0
1206,4	0
1207,1	0
1207,8	0
1208,5	0
1209,3	0
1210,0	0
1210,7	0
1211,4	0
1212,1	0
1212,8	0
1213,5	0
1214,2	0
1214,9	0
1215,6	0
1216,4	0
1217,1	0
1217,8	0
1218,5	0
1219,2	0
1219,9	0
1220,6	0
1221,3	0
1222,0	0
1222,7	0
1223,5	0
1224,2	0
1224,9	0
1225,6	0
1226,3	0
1227,0	0
1227,7	0
1228,4	0
1229,1	0
1229,8	0
1230,5	0
1231,3	0
1232,0	0
1232,7	0
1233,4	0
1234,1	0
1234,8	0
1235,5	0
1236,2	0
1236,9	0
1237,6	1
1238,4	0
1239,1	0
1239,8	0
1240,5	0
1241,2	0
1241,9	0
1242,6	0
1243,3	0
1244,0	0
1244,7	0
1245,5	0
1246,2	0
1246,9	0
1247,6	0
1248,3	0
1249,0	0
1249,7	0
1250,4	0
1251,1	0
1251,8	0
1252,5	0
1253,3	0
1254,0	0
1254,7	0
1255,4	0
1256,1	0
1256,8	0
1257,5	0
1258,2	1
1258,9	0
1259,6	0
1260,4	0
1261,1	0
1261,8	0
1262,5	0
1263,2	0
1263,9	0
1264,6	0
1265,3	0
1266,0	0
1266,7	0
1267,5	0
1268,2	0
1268,9	0
1269,6	0
1270,3	0
1271,0	1
1271,7	0
1272,4	0
1273,1	0
1273,8	0
1274,5	0
1275,3	0
1276,0	0
1276,7	0
1277,4	1
1278,1	0
1278,8	0
1279,5	0
1280,2	0
1280,9	0
1281,6	0
1282,4	0
1283,1	0
1283,8	0
1284,5	0
1285,2	0
1285,9	0
1286,6	0
1287,3	0
1288,0	0
1288,7	0
1289,5	1
1290,2	1
1290,9	0
1291,6	1
1292,3	0
1293,0	1
1293,7	0
1294,4	0
1295,1	0
1295,8	0
1296,5	0
1297,3	0
1298,0	0
1298,7	0
1299,4	0
1300,1	0
1300,8	0
1301,5	0
1302,2	0
1302,9	0
1303,6	0
1304,4	0
1305,1	0
1305,8	0
1306,5	0
1307,2	0
1307,9	0
1308,6	0
1309,3	0
1310,0	0
1310,7	0
1311,5	0
1312,2	0
1312,9	0
1313,6	0
1314,3	0
1315,0	0
1315,7	0
1316,4	0
1317,1	0
1317,8	0
1318,5	0
1319,3	0
1320,0	0
1320,7	0
1321,4	0
1322,1	0
1322,8	0
1323,5	0
1324,2	0
1324,9	0
1325,6	0
1326,4	0
1327,1	0
1327,8	0
1328,5	0
1329,2	0
1329,9	0
1330,6	0
1331,3	0
1332,0	0
1332,7	0
1333,5	0
1334,2	0
1334,9	0
1335,6	0
1336,3	0
1337,0	0
1337,7	0
1338,4	0
1339,1	0
1339,8	0
1340,5	0
1341,3	0
1342,0	0
1342,7	0
1343,4	0
1344,1	0
1344,8	0
1345,5	0
1346,2	0
1346,9	0
1347,6	0
1348,4	0
1349,1	0
1349,8	0
1350,5	0
1351,2	0
1351,9	0
1352,6	0
1353,3	0
1354,0	0
1354,7	0
1355,5	0
1356,2	0
1356,9	0
1357,6	0
1358,3	0
1359,0	0
1359,7	0
1360,4	0
1361,1	0
1361,8	0
1362,5	0
1363,3	0
1364,0	0
1364,7	0
1365,4	0
1366,1	0
1366,8	0
1367,5	0
1368,2	0
1368,9	0
1369,6	0
1370,4	0
1371,1	0
1371,8	0
1372,5	0
1373,2	0
1373,9	0
1374,6	2
1375,3	0
1376,0	1
1376,7	0
1377,4	1
1378,2	0
1378,9	0
1379,6	0
1380,3	0
1381,0	0
1381,7	0
1382,4	0
1383,1	0
1383,8	0
1384,5	0
1385,3	0
1386,0	1
1386,7	0
1387,4	0
1388,1	0
1388,8	0
1389,5	0
1390,2	0
1390,9	0
1391,6	0
1392,4	0
1393,1	0
1393,8	0
1394,5	0
1395,2	0
1395,9	0
1396,6	0
1397,3	0
1398,0	0
1398,7	0
1399,4	0
1400,2	0
1400,9	0
1401,6	0
1402,3	0
1403,0	0
1403,7	0
1404,4	0
1405,1	0
1405,8	0
1406,5	0
1407,3	0
1408,0	0
1408,7	0
1409,4	0
1410,1	0
1410,8	0
1411,5	0
1412,2	0
1412,9	0
1413,6	0
1414,4	0
1415,1	0
1415,8	1
1416,5	0
1417,2	0
1417,9	0
1418,6	0
1419,3	0
1420,0	0
1420,7	0
1421,4	0
1422,2	0
1422,9	0
1423,6	0
1424,3	0
1425,0	0
1425,7	0
1426,4	0
1427,1	0
1427,8	0
1428,5	0
1429,3	0
1430,0	0
1430,7	0
1431,4	0
1432,1	0
1432,8	0
1433,5	0
1434,2	0
1434,9	0
1435,6	0
1436,4	0
1437,1	0
1437,8	0
1438,5	0
1439,2	0
1439,9	0
1440,6	0
1441,3	0
1442,0	0
1442,7	1
1443,4	0
1444,2	0
1444,9	0
1445,6	0
1446,3	0
1447,0	0
1447,7	0
1448,4	0
1449,1	0
1449,8	0
1450,5	0
1451,3	0
1452,0	0
1452,7	0
1453,4	0
1454,1	0
1454,8	0
1455,5	0
1456,2	0
1456,9	0
1457,6	0
1458,4	0
1459,1	0
1459,8	0
1460,5	0
1461,2	0
1461,9	0
1462,6	0
1463,3	0
1464,0	0
1464,7	0
1465,4	1
1466,2	0
1466,9	0
1467,6	0
1468,3	0
1469,0	0
1469,7	0
1470,4	0
1471,1	0
1471,8	0
1472,5	0
1473,3	0
1474,0	0
1474,7	0
1475,4	0
1476,1	0
1476,8	0
1477,5	0
1478,2	0
1478,9	0
1479,6	0
1480,4	0
1481,1	0
1481,8	0
1482,5	0
1483,2	0
1483,9	0
1484,6	0
1485,3	1
1486,0	0
1486,7	0
1487,4	0
1488,2	0
1488,9	0
1489,6	0
1490,3	0
1491,0	0
1491,7	0
1492,4	0
1493,1	0
1493,8	1
1494,5	0
1495,3	0
1496,0	0
1496,7	0
1497,4	0
1498,1	0
1498,8	0
1499,5	0
1500,2	0
1500,9	0
1501,6	0
1502,4	0
1503,1	0
1503,8	0
1504,5	1
1505,2	0
1505,9	0
1506,6	0
1507,3	0
1508,0	0
1508,7	0
1509,4	0
1510,2	0
1510,9	0
1511,6	0
1512,3	0
1513,0	0
1513,7	0
1514,4	0
1515,1	0
1515,8	0
1516,5	0
1517,3	0
1518,0	1
1518,7	0
1519,4	0
1520,1	1
1520,8	0
1521,5	0
1522,2	0
1522,9	0
1523,6	0
1524,4	0
1525,1	0
1525,8	0
1526,5	0
1527,2	0
1527,9	1
1528,6	0
1529,3	0
1530,0	0
1530,7	0
1531,4	0
1532,2	0
1532,9	1
1533,6	0
1534,3	0
1535,0	0
1535,7	0
1536,4	0
1537,1	0
1537,8	0
1538,5	0
1539,3	0
1540,0	0
1540,7	0
1541,4	0
1542,1	0
1542,8	0
1543,5	0
1544,2	0
1544,9	0
1545,6	0
1546,4	0
1547,1	0
1547,8	0
1548,5	0
1549,2	0
1549,9	0
1550,6	0
1551,3	0
1552,0	0
1552,7	0
1553,4	0
1554,2	0
1554,9	0
1555,6	0
1556,3	0
1557,0	0
1557,7	0
1558,4	1
1559,1	0
1559,8	0
1560,5	0
1561,3	0
1562,0	0
1562,7	0
1563,4	1
1564,1	0
1564,8	0
1565,5	0
1566,2	0
1566,9	0
1567,6	0
1568,3	0
1569,1	0
1569,8	0
1570,5	0
1571,2	0
1571,9	0
1572,6	0
1573,3	0
1574,0	0
1574,7	0
1575,4	0
1576,2	0
1576,9	0
1577,6	0
1578,3	0
1579,0	0
1579,7	0
1580,4	0
1581,1	0
1581,8	0
1582,5	0
1583,3	0
1584,0	0
1584,7	0
1585,4	0
1586,1	0
1586,8	0
1587,5	0
1588,2	0
1588,9	0
1589,6	0
1590,3	0
1591,1	0
1591,8	0
1592,5	0
1593,2	1
1593,9	0
1594,6	0
1595,3	0
1596,0	0
1596,7	0
1597,4	0
1598,2	0
1598,9	0
1599,6	0
1600,3	0
1601,0	0
1601,7	0
1602,4	0
1603,1	0
1603,8	0
1604,5	0
1605,3	0
1606,0	0
1606,7	0
1607,4	0
1608,1	0
1608,8	0
1609,5	0
1610,2	0
1610,9	0
1611,6	0
1612,3	0
1613,1	0
1613,8	0
1614,5	0
1615,2	0
1615,9	0
1616,6	0
1617,3	0
1618,0	0
1618,7	0
1619,4	0
1620,2	0
1620,9	0
1621,6	1
1622,3	0
1623,0	0
1623,7	0
1624,4	0
1625,1	1
1625,8	0
1626,5	0
1627,3	0
1628,0	0
1628,7	0
1629,4	0
1630,1	0
1630,8	0
1631,5	0
1632,2	0
1632,9	0
1633,6	0
1634,3	0
1635,1	0
1635,8	0
1636,5	0
1637,2	0
1637,9	0
1638,6	0
1639,3	0
1640,0	0
1640,7	0
1641,4	0
1642,2	0
1642,9	0
1643,6	0
1644,3	0
1645,0	0
1645,7	0
1646,4	0
1647,1	0
1647,8	0
1648,5	0
1649,3	0
1650,0	0
1650,7	0
1651,4	0
1652,1	0
1652,8	0
1653,5	0
1654,2	0
1654,9	0
1655,6	0
1656,3	0
1657,1	0
1657,8	0
1658,5	0
1659,2	0
1659,9	0
1660,6	0
1661,3	0
1662,0	0
1662,7	0
1663,4	0
1664,2	0
1664,9	0
1665,6	0
1666,3	0
1667,0	0
1667,7	0
1668,4	0
1669,1	0
1669,8	0
1670,5	0
1671,3	0
1672,0	0
1672,7	0
1673,4	0
1674,1	0
1674,8	0
1675,5	0
1676,2	0
1676,9	0
1677,6	0
1678,3	0
1679,1	0
1679,8	1
1680,5	0
1681,2	0
1681,9	0
1682,6	0
1683,3	0
1684,0	0
1684,7	0
1685,4	0
1686,2	0
1686,9	0
1687,6	0
1688,3	0
1689,0	0
1689,7	0
1690,4	0
1691,1	0
1691,8	0
1692,5	0
1693,3	0
1694,0	0
1694,7	0
1695,4	0
1696,1	0
1696,8	0
1697,5	0
1698,2	0
1698,9	0
1699,6	0
1700,3	0
1701,1	0
1701,8	0
1702,5	0
1703,2	0
1703,9	0
1704,6	0
1705,3	0
1706,0	0
1706,7	0
1707,4	0
1708,2	0
1708,9	0
1709,6	0
1710,3	0
1711,0	1
1711,7	0
1712,4	0
1713,1	0
1713,8	0
1714,5	0
1715,3	0
1716,0	0
1716,7	0
1717,4	0
1718,1	0
1718,8	0
1719,5	0
1720,2	0
1720,9	0
1721,6	0
1722,3	0
1723,1	0
1723,8	0
1724,5	0
1725,2	0
1725,9	0
1726,6	0
1727,3	0
1728,0	0
1728,7	0
1729,4	0
1730,2	0
1730,9	0
1731,6	0
1732,3	0
1733,0	0
1733,7	0
1734,4	0
1735,1	0
1735,8	0
1736,5	0
1737,3	0
1738,0	0
1738,7	0
1739,4	0
1740,1	1
1740,8	0
1741,5	0
1742,2	1
1742,9	0
1743,6	0
1744,3	0
1745,1	0
1745,8	0
1746,5	0
1747,2	0
1747,9	0
1748,6	0
1749,3	0
1750,0	0
1750,7	0
1751,4	0
1752,2	0
1752,9	0
1753,6	0
1754,3	0
1755,0	0
1755,7	0
1756,4	0
1757,1	0
1757,8	0
1758,5	1
1759,2	0
1760,0	0
1760,7	0
1761,4	0
1762,1	0
1762,8	0
1763,5	0
1764,2	0
1764,9	0
1765,6	0
1766,3	0
1767,1	0
1767,8	0
1768,5	0
1769,2	0
1769,9	0
1770,6	1
1771,3	0
1772,0	0
1772,7	0
1773,4	0
1774,2	1
1774,9	0
1775,6	0
1776,3	0
1777,0	0
1777,7	0
1778,4	0
1779,1	0
1779,8	0
1780,5	0
1781,2	0
1782,0	0
1782,7	0
1783,4	0
1784,1	0
1784,8	0
1785,5	1
1786,2	0
1786,9	0
1787,6	1
1788,3	0
1789,1	0
1789,8	0
1790,5	0
1791,2	0
1791,9	0
1792,6	0
1793,3	0
1794,0	0
1794,7	0
1795,4	0
1796,2	0
1796,9	0
1797,6	0
1798,3	0
1799,0	0
1799,7	0
1800,4	0
1801,1	0
1801,8	0
1802,5	0
1803,2	0
1804,0	0
1804,7	0
1805,4	0
1806,1	0
1806,8	0
1807,5	0
1808,2	0
1808,9	0
1809,6	0
1810,3	0
1811,1	0
1811,8	0
1812,5	0
1813,2	0
1813,9	0
1814,6	0
1815,3	0
1816,0	0
1816,7	0
1817,4	0
1818,2	0
1818,9	0
1819,6	0
1820,3	0
1821,0	0
1821,7	0
1822,4	0
1823,1	0
1823,8	0
1824,5	0
1825,2	0
1826,0	0
1826,7	0
1827,4	0
1828,1	0
1828,8	0
1829,5	0
1830,2	0
1830,9	0
1831,6	0
1832,3	0
1833,1	0
1833,8	0
1834,5	0
1835,2	0
1835,9	0
1836,6	0
1837,3	0
1838,0	0
1838,7	0
1839,4	0
1840,2	0
1840,9	0
1841,6	0
1842,3	0
1843,0	0
1843,7	0
1844,4	1
1845,1	0
1845,8	0
1846,5	0
1847,2	0
1848,0	0
1848,7	0
1849,4	0
1850,1	0
1850,8	0
1851,5	0
1852,2	0
1852,9	0
1853,6	0
1854,3	0
1855,1	0
1855,8	0
1856,5	0
1857,2	0
1857,9	0
1858,6	0
1859,3	0
1860,0	0
1860,7	0
1861,4	0
1862,2	0
1862,9	0
1863,6	0
1864,3	0
1865,0	0
1865,7	0
1866,4	0
1867,1	0
1867,8	0
1868,5	0
1869,2	0
1870,0	0
1870,7	0
1871,4	0
1872,1	0
1872,8	0
1873,5	0
1874,2	0
1874,9	0
1875,6	0
1876,3	0
1877,1	0
1877,8	0
1878,5	0
1879,2	0
1879,9	0
1880,6	0
1881,3	1
1882,0	0
1882,7	0
1883,4	0
1884,2	0
1884,9	0
1885,6	0
1886,3	0
1887,0	0
1887,7	0
1888,4	0
1889,1	0
1889,8	0
1890,5	0
1891,2	0
1892,0	0
1892,7	0
1893,4	1
1894,1	1
1894,8	0
1895,5	0
1896,2	0
1896,9	0
1897,6	0
1898,3	0
1899,1	0
1899,8	0
1900,5	0
1901,2	0
1901,9	0
1902,6	0
1903,3	0
1904,0	0
1904,7	0
1905,4	0
1906,2	0
1906,9	0
1907,6	0
1908,3	0
1909,0	0
1909,7	0
1910,4	0
1911,1	0
1911,8	0
1912,5	0
1913,2	0
1914,0	1
1914,7	0
1915,4	0
1916,1	0
1916,8	0
1917,5	0
1918,2	1
1918,9	0
1919,6	0
1920,3	0
1921,1	0
1921,8	0
1922,5	0
1923,2	0
1923,9	0
1924,6	0
1925,3	0
1926,0	0
1926,7	0
1927,4	0
1928,1	0
1928,9	0
1929,6	0
1930,3	0
1931,0	0
1931,7	0
1932,4	0
1933,1	0
1933,8	0
1934,5	0
1935,2	0
1936,0	0
1936,7	0
1937,4	0
1938,1	0
1938,8	0
1939,5	0
1940,2	0
1940,9	0
1941,6	0
1942,3	0
1943,1	0
1943,8	0
1944,5	0
1945,2	0
1945,9	0
1946,6	0
1947,3	0
1948,0	0
1948,7	0
1949,4	0
1950,1	0
1950,9	0
1951,6	0
1952,3	0
1953,0	0
1953,7	0
1954,4	0
1955,1	0
1955,8	0
1956,5	0
1957,2	0
1958,0	0
1958,7	0
1959,4	0
1960,1	0
1960,8	0
1961,5	0
1962,2	0
1962,9	0
1963,6	0
1964,3	0
1965,1	0
1965,8	0
1966,5	0
1967,2	0
1967,9	0
1968,6	0
1969,3	0
1970,0	0
1970,7	0
1971,4	0
1972,1	0
1972,9	0
1973,6	0
1974,3	0
1975,0	0
1975,7	0
1976,4	0
1977,1	0
1977,8	0
1978,5	0
1979,2	0
1980,0	0
1980,7	0
1981,4	1
1982,1	0
1982,8	0
1983,5	0
1984,2	0
1984,9	0
1985,6	0
1986,3	0
1987,1	0
1987,8	0
1988,5	0
1989,2	0
1989,9	0
1990,6	0
1991,3	0
1992,0	0
1992,7	1
1993,4	0
1994,1	0
1994,9	0
1995,6	0
1996,3	0
1997,0	0
1997,7	0
1998,4	0
1999,1	0
1999,8	0
2000,5	0
2001,2	1
2002,0	0
2002,7	0
2003,4	0
2004,1	0
2004,8	0
2005,5	0
2006,2	0
2006,9	0
2007,6	0
2008,3	1
2009,1	0
2009,8	0
2010,5	0
2011,2	0
2011,9	1
2012,6	0
2013,3	0
2014,0	0
2014,7	0
2015,4	0
2016,1	0
2016,9	0
2017,6	0
2018,3	0
2019,0	0
2019,7	0
2020,4	0
2021,1	0
2021,8	0
2022,5	0
2023,2	0
2024,0	0
2024,7	1
2025,4	0
2026,1	0
2026,8	0
2027,5	0
2028,2	0
2028,9	0
2029,6	0
2030,3	0
2031,1	0
2031,8	0
2032,5	0
2033,2	0
2033,9	0
2034,6	0
2035,3	0
2036,0	0
2036,7	0
2037,4	0
2038,1	0
2038,9	0
2039,6	0
2040,3	0
2041,0	0
2041,7	0
2042,4	0
2043,1	0
2043,8	0
2044,5	0
2045,2	0
2046,0	0
2046,7	0
2047,4	0
2048,1	0
2048,8	0
2049,5	0
2050,2	1
2050,9	0
2051,6	0
2052,3	0
2053,1	0
2053,8	0
2054,5	0
2055,2	0
2055,9	0
2056,6	0
2057,3	0
2058,0	0
2058,7	0
2059,4	0
2060,1	0
2060,9	0
2061,6	0
2062,3	0
2063,0	0
2063,7	0
2064,4	0
2065,1	0
2065,8	0
2066,5	0
2067,2	0
2068,0	0
2068,7	1
2069,4	0
2070,1	0
2070,8	0
2071,5	0
2072,2	0
2072,9	0
2073,6	0
2074,3	0
2075,1	0
2075,8	0
2076,5	0
2077,2	0
2077,9	0
2078,6	0
2079,3	0
2080,0	0
2080,7	0
2081,4	0
2082,1	0
2082,9	0
2083,6	0
2084,3	0
2085,0	0
2085,7	0
2086,4	0
2087,1	0
2087,8	0
2088,5	0
2089,2	0
2090,0	0
2090,7	0
2091,4	0
2092,1	0
2092,8	0
2093,5	0
2094,2	0
2094,9	2
2095,6	0
2096,3	0
2097,1	0
2097,8	0
2098,5	0
2099,2	0
2099,9	0
2100,6	1
2101,3	0
2102,0	0
2102,7	0
2103,4	0
2104,1	0
2104,9	0
2105,6	0
2106,3	0
2107,0	0
2107,7	0
2108,4	0
2109,1	0
2109,8	0
2110,5	0
2111,2	0
2112,0	0
2112,7	0
2113,4	0
2114,1	0
2114,8	0
2115,5	0
2116,2	0
2116,9	0
2117,6	0
2118,3	0
2119,0	1
2119,8	0
2120,5	0
2121,2	0
2121,9	0
2122,6	0
2123,3	0
2124,0	0
2124,7	0
2125,4	0
2126,1	0
2126,9	0
2127,6	0
2128,3	0
2129,0	0
2129,7	0
2130,4	0
2131,1	0
2131,8	0
2132,5	0
2133,2	0
2134,0	0
2134,7	0
2135,4	1
2136,1	0
2136,8	0
2137,5	0
2138,2	0
2138,9	0
2139,6	1
2140,3	0
2141,0	0
2141,8	0
2142,5	0
2143,2	0
2143,9	0
2144,6	0
2145,3	0
2146,0	0
2146,7	0
2147,4	0
2148,1	0
2148,9	0
2149,6	0
2150,3	0
2151,0	0
2151,7	0
2152,4	0
2153,1	0
2153,8	1
2154,5	0
2155,2	0
2156,0	0
2156,7	0
2157,4	1
2158,1	0
2158,8	1
2159,5	0
2160,2	0
2160,9	0
2161,6	0
2162,3	0
2163,0	0
2163,8	0
2164,5	0
2165,2	0
2165,9	0
2166,6	0
2167,3	0
2168,0	0
2168,7	0
2169,4	0
2170,1	0
2170,9	0
2171,6	0
2172,3	0
2173,0	0
2173,7	0
2174,4	1
2175,1	0
2175,8	0
2176,5	0
2177,2	0
2178,0	0
2178,7	0
2179,4	0
2180,1	0
2180,8	0
2181,5	0
2182,2	0
2182,9	0
2183,6	0
2184,3	0
2185,0	0
2185,8	0
2186,5	0
2187,2	0
2187,9	0
2188,6	0
2189,3	0
2190,0	0
2190,7	0
2191,4	0
2192,1	0
2192,9	0
2193,6	0
2194,3	0
2195,0	0
2195,7	0
2196,4	0
2197,1	0
2197,8	0
2198,5	0
2199,2	0
2200,0	0
2200,7	0
2201,4	0
2202,1	0
2202,8	0
2203,5	0
2204,2	0
2204,9	0
2205,6	0
2206,3	0
2207,0	0
2207,8	0
2208,5	0
2209,2	0
2209,9	0
2210,6	0
2211,3	0
2212,0	0
2212,7	0
2213,4	1
2214,1	0
2214,9	0
2215,6	0
2216,3	0
2217,0	0
2217,7	0
2218,4	0
2219,1	0
2219,8	0
2220,5	0
2221,2	0
2222,0	0
2222,7	0
2223,4	0
2224,1	0
2224,8	0
2225,5	0
2226,2	0
2226,9	0
2227,6	0
2228,3	0
2229,0	0
2229,8	0
2230,5	0
2231,2	0
2231,9	0
2232,6	0
2233,3	0
2234,0	0
2234,7	0
2235,4	0
2236,1	0
2236,9	0
2237,6	0
2238,3	0
2239,0	0
2239,7	0
2240,4	0
2241,1	0
2241,8	0
2242,5	0
2243,2	0
2244,0	0
2244,7	0
2245,4	0
2246,1	0
2246,8	0
2247,5	0
2248,2	1
2248,9	0
2249,6	0
2250,3	0
2251,0	0
2251,8	0
2252,5	0
2253,2	0
2253,9	0
2254,6	0
2255,3	0
2256,0	0
2256,7	0
2257,4	0
2258,1	0
2258,9	0
2259,6	0
2260,3	0
2261,0	0
2261,7	0
2262,4	0
2263,1	0
2263,8	0
2264,5	0
2265,2	0
2266,0	0
2266,7	0
2267,4	0
2268,1	0
2268,8	0
2269,5	0
2270,2	0
2270,9	0
2271,6	0
2272,3	0
2273,0	0
2273,8	0
2274,5	0
2275,2	0
2275,9	0
2276,6	1
2277,3	0
2278,0	0
2278,7	1
2279,4	0
2280,1	0
2280,9	0
2281,6	0
2282,3	0
2283,0	0
2283,7	0
2284,4	0
2285,1	0
2285,8	0
2286,5	0
2287,2	0
2287,9	0
2288,7	0
2289,4	1
2290,1	0
2290,8	0
2291,5	0
2292,2	0
2292,9	0
2293,6	0
2294,3	0
2295,0	0
2295,8	0
2296,5	0
2297,2	0
2297,9	0
2298,6	0
2299,3	0
2300,0	0
2300,7	0
2301,4	0
2302,1	0
2302,9	0
2303,6	0
2304,3	0
2305,0	0
2305,7	0
2306,4	0
2307,1	0
2307,8	0
2308,5	0
2309,2	0
2309,9	0
2310,7	0
2311,4	0
2312,1	0
2312,8	0
2313,5	1
2314,2	0
2314,9	0
2315,6	0
2316,3	0
2317,0	0
2317,8	0
2318,5	0
2319,2	0
2319,9	0
2320,6	0
2321,3	0
2322,0	0
2322,7	0
2323,4	0
2324,1	0
2324,9	0
2325,6	0
2326,3	0
2327,0	0
2327,7	0
2328,4	0
2329,1	0
2329,8	0
2330,5	0
2331,2	0
2331,9	0
2332,7	0
2333,4	0
2334,1	0
2334,8	0
2335,5	0
2336,2	0
2336,9	0
2337,6	0
2338,3	0
2339,0	0
2339,8	0
2340,5	0
2341,2	0
2341,9	0
2342,6	0
2343,3	1
2344,0	0
2344,7	0
2345,4	0
2346,1	0
2346,9	0
2347,6	0
2348,3	0
2349,0	0
2349,7	0
2350,4	0
2351,1	0
2351,8	0
2352,5	0
2353,2	0
2353,9	0
2354,7	0
2355,4	0
2356,1	0
2356,8	0
2357,5	0
2358,2	0
2358,9	0
2359,6	0
2360,3	0
2361,0	0
2361,8	0
2362,5	0
2363,2	0
2363,9	0
2364,6	0
2365,3	0
2366,0	0
2366,7	0
2367,4	0
2368,1	0
2368,9	0
2369,6	0
2370,3	0
2371,0	0
2371,7	0
2372,4	0
2373,1	0
2373,8	0
2374,5	0
2375,2	0
2375,9	0
2376,7	0
2377,4	0
2378,1	0
2378,8	0
2379,5	0
2380,2	0
2380,9	0
2381,6	0
2382,3	0
2383,0	0
2383,8	0
2384,5	0
2385,2	0
2385,9	0
2386,6	0
2387,3	0
2388,0	0
2388,7	0
2389,4	0
2390,1	0
2390,9	0
2391,6	0
2392,3	0
2393,0	0
2393,7	0
2394,4	0
2395,1	0
2395,8	0
2396,5	0
2397,2	0
2397,9	0
2398,7	0
2399,4	0
2400,1	0
2400,8	0
2401,5	0
2402,2	0
2402,9	0
2403,6	0
2404,3	0
2405,0	0
2405,8	0
2406,5	0
2407,2	0
2407,9	0
2408,6	0
2409,3	0
2410,0	1
2410,7	0
2411,4	0
2412,1	0
2412,9	0
2413,6	0
2414,3	0
2415,0	0
2415,7	0
2416,4	0
2417,1	0
2417,8	0
2418,5	0
2419,2	0
2419,9	0
2420,7	0
2421,4	0
2422,1	0
2422,8	0
2423,5	0
2424,2	0
2424,9	0
2425,6	0
2426,3	0
2427,0	0
2427,8	0
2428,5	0
2429,2	0
2429,9	0
2430,6	0
2431,3	0
2432,0	0
2432,7	0
2433,4	0
2434,1	0
2434,9	0
2435,6	0
2436,3	0
2437,0	0
2437,7	0
2438,4	0
2439,1	0
2439,8	0
2440,5	0
2441,2	0
2441,9	0
2442,7	0
2443,4	0
2444,1	0
2444,8	0
2445,5	0
2446,2	0
2446,9	0
2447,6	0
2448,3	0
2449,0	0
2449,8	0
2450,5	0
2451,2	0
2451,9	0
2452,6	0
2453,3	0
2454,0	0
2454,7	0
2455,4	0
2456,1	0
2456,9	0
2457,6	1
2458,3	0
2459,0	0
2459,7	0
2460,4	0
2461,1	0
2461,8	0
2462,5	0
2463,2	0
2463,9	0
2464,7	0
2465,4	0
2466,1	0
2466,8	0
2467,5	0
2468,2	0
2468,9	0
2469,6	0
2470,3	1
2471,0	0
2471,8	0
2472,5	0
2473,2	0
2473,9	0
2474,6	0
2475,3	0
2476,0	0
2476,7	0
2477,4	0
2478,1	0
2478,8	0
2479,6	0
2480,3	0
2481,0	0
2481,7	0
2482,4	0
2483,1	0
2483,8	0
2484,5	0
2485,2	0
2485,9	0
2486,7	0
2487,4	0
2488,1	0
2488,8	0
2489,5	0
2490,2	0
2490,9	0
2491,6	0
2492,3	0
2493,0	0
2493,8	0
2494,5	0
2495,2	0
2495,9	0
2496,6	0
2497,3	0
2498,0	0
2498,7	0
2499,4	0
2500,1	0
2500,8	0
2501,6	0
2502,3	0
2503,0	0
2503,7	0
2504,4	0
2505,1	0
2505,8	0
2506,5	0
2507,2	0
2507,9	0
2508,7	0
2509,4	0
2510,1	0
2510,8	0
2511,5	0
2512,2	0
2512,9	0
2513,6	0
2514,3	0
2515,0	0
2515,8	0
2516,5	1
2517,2	0
2517,9	0
2518,6	0
2519,3	0
2520,0	0
2520,7	0
2521,4	0
2522,1	0
2522,8	0
2523,6	0
2524,3	0
2525,0	0
2525,7	0
2526,4	0
2527,1	0
2527,8	0
2528,5	0
2529,2	0
2529,9	0
2530,7	0
2531,4	0
2532,1	0
2532,8	0
2533,5	0
2534,2	0
2534,9	0
2535,6	0
2536,3	0
2537,0	0
2537,8	0
2538,5	0
2539,2	0
2539,9	0
2540,6	0
2541,3	0
2542,0	1
2542,7	0
2543,4	0
2544,1	0
2544,8	0
2545,6	0
2546,3	0
2547,0	0
2547,7	0
2548,4	0
2549,1	0
2549,8	0
2550,5	0
2551,2	0
2551,9	0
2552,7	0
2553,4	0
2554,1	0
2554,8	0
2555,5	0
2556,2	0
2556,9	0
2557,6	0
2558,3	0
2559,0	0
2559,8	0
2560,5	0
2561,2	0
2561,9	0
2562,6	0
2563,3	0
2564,0	0
2564,7	0
2565,4	0
2566,1	0
2566,8	0
2567,6	0
2568,3	0
2569,0	1
2569,7	0
2570,4	0
2571,1	0
2571,8	0
2572,5	0
2573,2	0
2573,9	0
2574,7	0
2575,4	0
2576,1	0
2576,8	0
2577,5	0
2578,2	0
2578,9	0
2579,6	0
2580,3	0
2581,0	0
2581,8	0
2582,5	0
2583,2	0
2583,9	0
2584,6	0
2585,3	0
2586,0	0
2586,7	0
2587,4	0
2588,1	0
2588,8	0
2589,6	0
2590,3	0
2591,0	0
2591,7	0
2592,4	0
2593,1	0
2593,8	0
2594,5	0
2595,2	0
2595,9	0
2596,7	0
2597,4	0
2598,1	0
2598,8	0
2599,5	0
2600,2	0
2600,9	0
2601,6	0
2602,3	0
2603,0	0
2603,8	0
2604,5	0
2605,2	0
2605,9	0
2606,6	0
2607,3	0
2608,0	0
2608,7	0
2609,4	0
2610,1	0
2610,8	0
2611,6	0
2612,3	0
2613,0	0
2613,7	0
2614,4	0
2615,1	0
2615,8	0
2616,5	0
2617,2	0
2617,9	0
2618,7	0
2619,4	0
2620,1	0
2620,8	0
2621,5	0
2622,2	0
2622,9	0
2623,6	0
2624,3	0
2625,0	0
2625,8	0
2626,5	0
2627,2	0
2627,9	0
2628,6	0
2629,3	0
2630,0	0
2630,7	0
2631,4	0
2632,1	0
2632,8	0
2633,6	0
2634,3	0
2635,0	0
2635,7	0
2636,4	0
2637,1	0
2637,8	1
2638,5	0
2639,2	0
2639,9	0
2640,7	0
2641,4	1
2642,1	0
2642,8	0
2643,5	0
2644,2	0
2644,9	0
2645,6	0
2646,3	0
2647,0	0
2647,8	0
2648,5	0
2649,2	0
2649,9	0
2650,6	0
2651,3	0
2652,0	0
2652,7	0
2653,4	0
2654,1	0
2654,8	0
2655,6	0
2656,3	0
2657,0	0
2657,7	0
2658,4	0
2659,1	0
2659,8	0
2660,5	0
2661,2	0
2661,9	0
2662,7	0
2663,4	0
2664,1	0
2664,8	0
2665,5	0
2666,2	0
2666,9	0
2667,6	0
2668,3	0
2669,0	0
2669,7	0
2670,5	0
2671,2	0
2671,9	0
2672,6	0
2673,3	0
2674,0	0
2674,7	0
2675,4	1
2676,1	0
2676,8	0
2677,6	0
2678,3	0
2679,0	0
2679,7	0
2680,4	0
2681,1	0
2681,8	0
2682,5	0
2683,2	0
2683,9	0
2684,7	1
2685,4	0
2686,1	1
2686,8	0
2687,5	0
2688,2	0
2688,9	0
2689,6	0
2690,3	0
2691,0	0
2691,7	0
2692,5	0
2693,2	0
2693,9	0
2694,6	0
2695,3	0
2696,0	0
2696,7	0
2697,4	0
2698,1	0
2698,8	0
2699,6	0
2700,3	0
2701,0	0
2701,7	0
2702,4	0
2703,1	0
2703,8	0
2704,5	0
2705,2	0
2705,9	0
2706,7	0
2707,4	0
2708,1	0
2708,8	0
2709,5	0
2710,2	0
2710,9	0
2711,6	0
2712,3	0
2713,0	0
2713,7	0
2714,5	0
2715,2	0
2715,9	0
2716,6	0
2717,3	0
2718,0	0
2718,7	0
2719,4	0
2720,1	0
2720,8	0
2721,6	0
2722,3	0
2723,0	0
2723,7	0
2724,4	0
2725,1	0
2725,8	0
2726,5	1
2727,2	0
2727,9	1
2728,7	0
2729,4	0
2730,1	0
2730,8	0
2731,5	0
2732,2	0
2732,9	0
2733,6	0
2734,3	0
2735,0	0
2735,7	0
2736,5	0
2737,2	1
2737,9	0
2738,6	0
2739,3	0
2740,0	0
2740,7	0
2741,4	1
2742,1	0
2742,8	0
2743,6	0
2744,3	0
2745,0	0
2745,7	0
2746,4	0
2747,1	0
2747,8	0
2748,5	0
2749,2	0
2749,9	0
2750,7	0
2751,4	0
2752,1	0
2752,8	0
2753,5	0
2754,2	0
2754,9	0
2755,6	0
2756,3	0
2757,0	1
2757,7	0
2758,5	0
2759,2	0
2759,9	0
2760,6	0
2761,3	0
2762,0	0
2762,7	0
2763,4	0
2764,1	0
2764,8	0
2765,6	0
2766,3	0
2767,0	0
2767,7	0
2768,4	0
2769,1	0
2769,8	0
2770,5	0
2771,2	0
2771,9	0
2772,7	1
2773,4	0
2774,1	0
2774,8	0
2775,5	0
2776,2	0
2776,9	0
2777,6	0
2778,3	0
2779,0	0
2779,7	0
2780,5	0
2781,2	0
2781,9	0
2782,6	0
2783,3	0
2784,0	0
2784,7	0
2785,4	0
2786,1	0
2786,8	0
2787,6	0
2788,3	0
2789,0	0
2789,7	0
2790,4	0
2791,1	0
2791,8	0
2792,5	0
2793,2	0
2793,9	0
2794,7	0
2795,4	0
2796,1	0
2796,8	0
2797,5	0
2798,2	0
2798,9	0
2799,6	0
2800,3	0
2801,0	0
2801,7	0
2802,5	0
2803,2	0
2803,9	0
2804,6	0
2805,3	0
2806,0	0
2806,7	0
2807,4	0
2808,1	0
2808,8	0
2809,6	0
2810,3	0
2811,0	0
2811,7	0
2812,4	0
2813,1	0
2813,8	0
2814,5	0
2815,2	0
2815,9	0
2816,7	0
2817,4	0
2818,1	0
2818,8	0
2819,5	0
2820,2	0
2820,9	0
2821,6	0
2822,3	0
2823,0	0
2823,7	0
2824,5	0
2825,2	0
2825,9	0
2826,6	0
2827,3	0
2828,0	0
2828,7	0
2829,4	0
2830,1	0
2830,8	0
2831,6	0
2832,3	1
2833,0	0
2833,7	0
2834,4	0
2835,1	0
2835,8	0
2836,5	1
2837,2	0
2837,9	0
2838,6	0
2839,4	0
2840,1	0
2840,8	0
2841,5	0
2842,2	0
2842,9	0
2843,6	0
2844,3	0
2845,0	0
2845,7	0
2846,5	0
2847,2	0
2847,9	0
2848,6	0
2849,3	0
